940
2 4 3 400000000 2.025 3
3 5 3 400000000 2.025 3
6 5 3 64 2.030000 3
7 5 3 64 2.030000 3
8 5 3 64 2.030000 3
9 5 3 64 2.030000 3
10 5 3 64 2.030000 3
11 5 3 64 2.030000 3
12 5 3 64 2.030000 3
13 5 3 64 2.030000 3
14 5 3 64 2.030000 3
15 5 3 64 2.030000 3
16 5 3 64 2.030000 3
17 5 3 64 2.030000 3
18 5 3 64 2.030000 3
19 5 3 64 2.030000 3
6 5 3 64 2.030050 3
7 5 3 64 2.030050 3
8 5 3 64 2.030050 3
9 5 3 64 2.030050 3
10 5 3 64 2.030050 3
11 5 3 64 2.030050 3
12 5 3 64 2.030050 3
13 5 3 64 2.030050 3
14 5 3 64 2.030050 3
15 5 3 64 2.030050 3
16 5 3 64 2.030050 3
17 5 3 64 2.030050 3
18 5 3 64 2.030050 3
19 5 3 64 2.030050 3
6 5 3 64 2.030100 3
7 5 3 64 2.030100 3
8 5 3 64 2.030100 3
9 5 3 64 2.030100 3
10 5 3 64 2.030100 3
11 5 3 64 2.030100 3
12 5 3 64 2.030100 3
13 5 3 64 2.030100 3
14 5 3 64 2.030100 3
15 5 3 64 2.030100 3
16 5 3 64 2.030100 3
17 5 3 64 2.030100 3
18 5 3 64 2.030100 3
19 5 3 64 2.030100 3
6 5 3 64 2.030150 3
7 5 3 64 2.030150 3
8 5 3 64 2.030150 3
9 5 3 64 2.030150 3
10 5 3 64 2.030150 3
11 5 3 64 2.030150 3
12 5 3 64 2.030150 3
13 5 3 64 2.030150 3
14 5 3 64 2.030150 3
15 5 3 64 2.030150 3
16 5 3 64 2.030150 3
17 5 3 64 2.030150 3
18 5 3 64 2.030150 3
19 5 3 64 2.030150 3
6 5 3 64 2.030200 3
7 5 3 64 2.030200 3
8 5 3 64 2.030200 3
9 5 3 64 2.030200 3
10 5 3 64 2.030200 3
11 5 3 64 2.030200 3
12 5 3 64 2.030200 3
13 5 3 64 2.030200 3
14 5 3 64 2.030200 3
15 5 3 64 2.030200 3
16 5 3 64 2.030200 3
17 5 3 64 2.030200 3
18 5 3 64 2.030200 3
19 5 3 64 2.030200 3
6 5 3 64 2.030250 3
7 5 3 64 2.030250 3
8 5 3 64 2.030250 3
9 5 3 64 2.030250 3
10 5 3 64 2.030250 3
11 5 3 64 2.030250 3
12 5 3 64 2.030250 3
13 5 3 64 2.030250 3
14 5 3 64 2.030250 3
15 5 3 64 2.030250 3
16 5 3 64 2.030250 3
17 5 3 64 2.030250 3
18 5 3 64 2.030250 3
19 5 3 64 2.030250 3
6 5 3 64 2.030300 3
7 5 3 64 2.030300 3
8 5 3 64 2.030300 3
9 5 3 64 2.030300 3
10 5 3 64 2.030300 3
11 5 3 64 2.030300 3
12 5 3 64 2.030300 3
13 5 3 64 2.030300 3
14 5 3 64 2.030300 3
15 5 3 64 2.030300 3
16 5 3 64 2.030300 3
17 5 3 64 2.030300 3
18 5 3 64 2.030300 3
19 5 3 64 2.030300 3
6 5 3 64 2.030350 3
7 5 3 64 2.030350 3
8 5 3 64 2.030350 3
9 5 3 64 2.030350 3
10 5 3 64 2.030350 3
11 5 3 64 2.030350 3
12 5 3 64 2.030350 3
13 5 3 64 2.030350 3
14 5 3 64 2.030350 3
15 5 3 64 2.030350 3
16 5 3 64 2.030350 3
17 5 3 64 2.030350 3
18 5 3 64 2.030350 3
19 5 3 64 2.030350 3
6 5 3 64 2.030400 3
7 5 3 64 2.030400 3
8 5 3 64 2.030400 3
9 5 3 64 2.030400 3
10 5 3 64 2.030400 3
11 5 3 64 2.030400 3
12 5 3 64 2.030400 3
13 5 3 64 2.030400 3
14 5 3 64 2.030400 3
15 5 3 64 2.030400 3
16 5 3 64 2.030400 3
17 5 3 64 2.030400 3
18 5 3 64 2.030400 3
19 5 3 64 2.030400 3
6 5 3 64 2.030450 3
7 5 3 64 2.030450 3
8 5 3 64 2.030450 3
9 5 3 64 2.030450 3
10 5 3 64 2.030450 3
11 5 3 64 2.030450 3
12 5 3 64 2.030450 3
13 5 3 64 2.030450 3
14 5 3 64 2.030450 3
15 5 3 64 2.030450 3
16 5 3 64 2.030450 3
17 5 3 64 2.030450 3
18 5 3 64 2.030450 3
19 5 3 64 2.030450 3
6 5 3 64 2.030500 3
7 5 3 64 2.030500 3
8 5 3 64 2.030500 3
9 5 3 64 2.030500 3
10 5 3 64 2.030500 3
11 5 3 64 2.030500 3
12 5 3 64 2.030500 3
13 5 3 64 2.030500 3
14 5 3 64 2.030500 3
15 5 3 64 2.030500 3
16 5 3 64 2.030500 3
17 5 3 64 2.030500 3
18 5 3 64 2.030500 3
19 5 3 64 2.030500 3
6 5 3 64 2.030550 3
7 5 3 64 2.030550 3
8 5 3 64 2.030550 3
9 5 3 64 2.030550 3
10 5 3 64 2.030550 3
11 5 3 64 2.030550 3
12 5 3 64 2.030550 3
13 5 3 64 2.030550 3
14 5 3 64 2.030550 3
15 5 3 64 2.030550 3
16 5 3 64 2.030550 3
17 5 3 64 2.030550 3
18 5 3 64 2.030550 3
19 5 3 64 2.030550 3
6 5 3 64 2.030600 3
7 5 3 64 2.030600 3
8 5 3 64 2.030600 3
9 5 3 64 2.030600 3
10 5 3 64 2.030600 3
11 5 3 64 2.030600 3
12 5 3 64 2.030600 3
13 5 3 64 2.030600 3
14 5 3 64 2.030600 3
15 5 3 64 2.030600 3
16 5 3 64 2.030600 3
17 5 3 64 2.030600 3
18 5 3 64 2.030600 3
19 5 3 64 2.030600 3
6 5 3 64 2.030650 3
7 5 3 64 2.030650 3
8 5 3 64 2.030650 3
9 5 3 64 2.030650 3
10 5 3 64 2.030650 3
11 5 3 64 2.030650 3
12 5 3 64 2.030650 3
13 5 3 64 2.030650 3
14 5 3 64 2.030650 3
15 5 3 64 2.030650 3
16 5 3 64 2.030650 3
17 5 3 64 2.030650 3
18 5 3 64 2.030650 3
19 5 3 64 2.030650 3
6 5 3 64 2.030700 3
7 5 3 64 2.030700 3
8 5 3 64 2.030700 3
9 5 3 64 2.030700 3
10 5 3 64 2.030700 3
11 5 3 64 2.030700 3
12 5 3 64 2.030700 3
13 5 3 64 2.030700 3
14 5 3 64 2.030700 3
15 5 3 64 2.030700 3
16 5 3 64 2.030700 3
17 5 3 64 2.030700 3
18 5 3 64 2.030700 3
19 5 3 64 2.030700 3
6 5 3 64 2.030750 3
7 5 3 64 2.030750 3
8 5 3 64 2.030750 3
9 5 3 64 2.030750 3
10 5 3 64 2.030750 3
11 5 3 64 2.030750 3
12 5 3 64 2.030750 3
13 5 3 64 2.030750 3
14 5 3 64 2.030750 3
15 5 3 64 2.030750 3
16 5 3 64 2.030750 3
17 5 3 64 2.030750 3
18 5 3 64 2.030750 3
19 5 3 64 2.030750 3
6 5 3 64 2.030800 3
7 5 3 64 2.030800 3
8 5 3 64 2.030800 3
9 5 3 64 2.030800 3
10 5 3 64 2.030800 3
11 5 3 64 2.030800 3
12 5 3 64 2.030800 3
13 5 3 64 2.030800 3
14 5 3 64 2.030800 3
15 5 3 64 2.030800 3
16 5 3 64 2.030800 3
17 5 3 64 2.030800 3
18 5 3 64 2.030800 3
19 5 3 64 2.030800 3
6 5 3 64 2.030850 3
7 5 3 64 2.030850 3
8 5 3 64 2.030850 3
9 5 3 64 2.030850 3
10 5 3 64 2.030850 3
11 5 3 64 2.030850 3
12 5 3 64 2.030850 3
13 5 3 64 2.030850 3
14 5 3 64 2.030850 3
15 5 3 64 2.030850 3
16 5 3 64 2.030850 3
17 5 3 64 2.030850 3
18 5 3 64 2.030850 3
19 5 3 64 2.030850 3
6 5 3 64 2.030900 3
7 5 3 64 2.030900 3
8 5 3 64 2.030900 3
9 5 3 64 2.030900 3
10 5 3 64 2.030900 3
11 5 3 64 2.030900 3
12 5 3 64 2.030900 3
13 5 3 64 2.030900 3
14 5 3 64 2.030900 3
15 5 3 64 2.030900 3
16 5 3 64 2.030900 3
17 5 3 64 2.030900 3
18 5 3 64 2.030900 3
19 5 3 64 2.030900 3
6 5 3 64 2.030950 3
7 5 3 64 2.030950 3
8 5 3 64 2.030950 3
9 5 3 64 2.030950 3
10 5 3 64 2.030950 3
11 5 3 64 2.030950 3
12 5 3 64 2.030950 3
13 5 3 64 2.030950 3
14 5 3 64 2.030950 3
15 5 3 64 2.030950 3
16 5 3 64 2.030950 3
17 5 3 64 2.030950 3
18 5 3 64 2.030950 3
19 5 3 64 2.030950 3
6 5 3 64 2.031000 3
7 5 3 64 2.031000 3
8 5 3 64 2.031000 3
9 5 3 64 2.031000 3
10 5 3 64 2.031000 3
11 5 3 64 2.031000 3
12 5 3 64 2.031000 3
13 5 3 64 2.031000 3
14 5 3 64 2.031000 3
15 5 3 64 2.031000 3
16 5 3 64 2.031000 3
17 5 3 64 2.031000 3
18 5 3 64 2.031000 3
19 5 3 64 2.031000 3
6 5 3 64 2.031050 3
7 5 3 64 2.031050 3
8 5 3 64 2.031050 3
9 5 3 64 2.031050 3
10 5 3 64 2.031050 3
11 5 3 64 2.031050 3
12 5 3 64 2.031050 3
13 5 3 64 2.031050 3
14 5 3 64 2.031050 3
15 5 3 64 2.031050 3
16 5 3 64 2.031050 3
17 5 3 64 2.031050 3
18 5 3 64 2.031050 3
19 5 3 64 2.031050 3
6 5 3 64 2.031100 3
7 5 3 64 2.031100 3
8 5 3 64 2.031100 3
9 5 3 64 2.031100 3
10 5 3 64 2.031100 3
11 5 3 64 2.031100 3
12 5 3 64 2.031100 3
13 5 3 64 2.031100 3
14 5 3 64 2.031100 3
15 5 3 64 2.031100 3
16 5 3 64 2.031100 3
17 5 3 64 2.031100 3
18 5 3 64 2.031100 3
19 5 3 64 2.031100 3
6 5 3 64 2.031150 3
7 5 3 64 2.031150 3
8 5 3 64 2.031150 3
9 5 3 64 2.031150 3
10 5 3 64 2.031150 3
11 5 3 64 2.031150 3
12 5 3 64 2.031150 3
13 5 3 64 2.031150 3
14 5 3 64 2.031150 3
15 5 3 64 2.031150 3
16 5 3 64 2.031150 3
17 5 3 64 2.031150 3
18 5 3 64 2.031150 3
19 5 3 64 2.031150 3
6 5 3 64 2.031200 3
7 5 3 64 2.031200 3
8 5 3 64 2.031200 3
9 5 3 64 2.031200 3
10 5 3 64 2.031200 3
11 5 3 64 2.031200 3
12 5 3 64 2.031200 3
13 5 3 64 2.031200 3
14 5 3 64 2.031200 3
15 5 3 64 2.031200 3
16 5 3 64 2.031200 3
17 5 3 64 2.031200 3
18 5 3 64 2.031200 3
19 5 3 64 2.031200 3
6 5 3 64 2.031250 3
7 5 3 64 2.031250 3
8 5 3 64 2.031250 3
9 5 3 64 2.031250 3
10 5 3 64 2.031250 3
11 5 3 64 2.031250 3
12 5 3 64 2.031250 3
13 5 3 64 2.031250 3
14 5 3 64 2.031250 3
15 5 3 64 2.031250 3
16 5 3 64 2.031250 3
17 5 3 64 2.031250 3
18 5 3 64 2.031250 3
19 5 3 64 2.031250 3
6 5 3 64 2.031300 3
7 5 3 64 2.031300 3
8 5 3 64 2.031300 3
9 5 3 64 2.031300 3
10 5 3 64 2.031300 3
11 5 3 64 2.031300 3
12 5 3 64 2.031300 3
13 5 3 64 2.031300 3
14 5 3 64 2.031300 3
15 5 3 64 2.031300 3
16 5 3 64 2.031300 3
17 5 3 64 2.031300 3
18 5 3 64 2.031300 3
19 5 3 64 2.031300 3
6 5 3 64 2.031350 3
7 5 3 64 2.031350 3
8 5 3 64 2.031350 3
9 5 3 64 2.031350 3
10 5 3 64 2.031350 3
11 5 3 64 2.031350 3
12 5 3 64 2.031350 3
13 5 3 64 2.031350 3
14 5 3 64 2.031350 3
15 5 3 64 2.031350 3
16 5 3 64 2.031350 3
17 5 3 64 2.031350 3
18 5 3 64 2.031350 3
19 5 3 64 2.031350 3
6 5 3 64 2.031400 3
7 5 3 64 2.031400 3
8 5 3 64 2.031400 3
9 5 3 64 2.031400 3
10 5 3 64 2.031400 3
11 5 3 64 2.031400 3
12 5 3 64 2.031400 3
13 5 3 64 2.031400 3
14 5 3 64 2.031400 3
15 5 3 64 2.031400 3
16 5 3 64 2.031400 3
17 5 3 64 2.031400 3
18 5 3 64 2.031400 3
19 5 3 64 2.031400 3
6 5 3 64 2.031450 3
7 5 3 64 2.031450 3
8 5 3 64 2.031450 3
9 5 3 64 2.031450 3
10 5 3 64 2.031450 3
11 5 3 64 2.031450 3
12 5 3 64 2.031450 3
13 5 3 64 2.031450 3
14 5 3 64 2.031450 3
15 5 3 64 2.031450 3
16 5 3 64 2.031450 3
17 5 3 64 2.031450 3
18 5 3 64 2.031450 3
19 5 3 64 2.031450 3
6 5 3 64 2.031500 3
7 5 3 64 2.031500 3
8 5 3 64 2.031500 3
9 5 3 64 2.031500 3
10 5 3 64 2.031500 3
11 5 3 64 2.031500 3
12 5 3 64 2.031500 3
13 5 3 64 2.031500 3
14 5 3 64 2.031500 3
15 5 3 64 2.031500 3
16 5 3 64 2.031500 3
17 5 3 64 2.031500 3
18 5 3 64 2.031500 3
19 5 3 64 2.031500 3
6 5 3 64 2.031550 3
7 5 3 64 2.031550 3
8 5 3 64 2.031550 3
9 5 3 64 2.031550 3
10 5 3 64 2.031550 3
11 5 3 64 2.031550 3
12 5 3 64 2.031550 3
13 5 3 64 2.031550 3
14 5 3 64 2.031550 3
15 5 3 64 2.031550 3
16 5 3 64 2.031550 3
17 5 3 64 2.031550 3
18 5 3 64 2.031550 3
19 5 3 64 2.031550 3
6 5 3 64 2.031600 3
7 5 3 64 2.031600 3
8 5 3 64 2.031600 3
9 5 3 64 2.031600 3
10 5 3 64 2.031600 3
11 5 3 64 2.031600 3
12 5 3 64 2.031600 3
13 5 3 64 2.031600 3
14 5 3 64 2.031600 3
15 5 3 64 2.031600 3
16 5 3 64 2.031600 3
17 5 3 64 2.031600 3
18 5 3 64 2.031600 3
19 5 3 64 2.031600 3
6 5 3 64 2.031650 3
7 5 3 64 2.031650 3
8 5 3 64 2.031650 3
9 5 3 64 2.031650 3
10 5 3 64 2.031650 3
11 5 3 64 2.031650 3
12 5 3 64 2.031650 3
13 5 3 64 2.031650 3
14 5 3 64 2.031650 3
15 5 3 64 2.031650 3
16 5 3 64 2.031650 3
17 5 3 64 2.031650 3
18 5 3 64 2.031650 3
19 5 3 64 2.031650 3
6 5 3 64 2.031700 3
7 5 3 64 2.031700 3
8 5 3 64 2.031700 3
9 5 3 64 2.031700 3
10 5 3 64 2.031700 3
11 5 3 64 2.031700 3
12 5 3 64 2.031700 3
13 5 3 64 2.031700 3
14 5 3 64 2.031700 3
15 5 3 64 2.031700 3
16 5 3 64 2.031700 3
17 5 3 64 2.031700 3
18 5 3 64 2.031700 3
19 5 3 64 2.031700 3
6 5 3 64 2.031750 3
7 5 3 64 2.031750 3
8 5 3 64 2.031750 3
9 5 3 64 2.031750 3
10 5 3 64 2.031750 3
11 5 3 64 2.031750 3
12 5 3 64 2.031750 3
13 5 3 64 2.031750 3
14 5 3 64 2.031750 3
15 5 3 64 2.031750 3
16 5 3 64 2.031750 3
17 5 3 64 2.031750 3
18 5 3 64 2.031750 3
19 5 3 64 2.031750 3
6 5 3 64 2.031800 3
7 5 3 64 2.031800 3
8 5 3 64 2.031800 3
9 5 3 64 2.031800 3
10 5 3 64 2.031800 3
11 5 3 64 2.031800 3
12 5 3 64 2.031800 3
13 5 3 64 2.031800 3
14 5 3 64 2.031800 3
15 5 3 64 2.031800 3
16 5 3 64 2.031800 3
17 5 3 64 2.031800 3
18 5 3 64 2.031800 3
19 5 3 64 2.031800 3
6 5 3 64 2.031850 3
7 5 3 64 2.031850 3
8 5 3 64 2.031850 3
9 5 3 64 2.031850 3
10 5 3 64 2.031850 3
11 5 3 64 2.031850 3
12 5 3 64 2.031850 3
13 5 3 64 2.031850 3
14 5 3 64 2.031850 3
15 5 3 64 2.031850 3
16 5 3 64 2.031850 3
17 5 3 64 2.031850 3
18 5 3 64 2.031850 3
19 5 3 64 2.031850 3
6 5 3 64 2.031900 3
7 5 3 64 2.031900 3
8 5 3 64 2.031900 3
9 5 3 64 2.031900 3
10 5 3 64 2.031900 3
11 5 3 64 2.031900 3
12 5 3 64 2.031900 3
13 5 3 64 2.031900 3
14 5 3 64 2.031900 3
15 5 3 64 2.031900 3
16 5 3 64 2.031900 3
17 5 3 64 2.031900 3
18 5 3 64 2.031900 3
19 5 3 64 2.031900 3
6 5 3 64 2.031950 3
7 5 3 64 2.031950 3
8 5 3 64 2.031950 3
9 5 3 64 2.031950 3
10 5 3 64 2.031950 3
11 5 3 64 2.031950 3
12 5 3 64 2.031950 3
13 5 3 64 2.031950 3
14 5 3 64 2.031950 3
15 5 3 64 2.031950 3
16 5 3 64 2.031950 3
17 5 3 64 2.031950 3
18 5 3 64 2.031950 3
19 5 3 64 2.031950 3
6 5 3 64 2.032000 3
7 5 3 64 2.032000 3
8 5 3 64 2.032000 3
9 5 3 64 2.032000 3
10 5 3 64 2.032000 3
11 5 3 64 2.032000 3
12 5 3 64 2.032000 3
13 5 3 64 2.032000 3
14 5 3 64 2.032000 3
15 5 3 64 2.032000 3
16 5 3 64 2.032000 3
17 5 3 64 2.032000 3
18 5 3 64 2.032000 3
19 5 3 64 2.032000 3
6 5 3 64 2.040000 3
7 5 3 64 2.040000 3
8 5 3 64 2.040000 3
9 5 3 64 2.040000 3
10 5 3 64 2.040000 3
11 5 3 64 2.040000 3
12 5 3 64 2.040000 3
13 5 3 64 2.040000 3
14 5 3 64 2.040000 3
15 5 3 64 2.040000 3
16 5 3 64 2.040000 3
17 5 3 64 2.040000 3
18 5 3 64 2.040000 3
19 5 3 64 2.040000 3
6 5 3 64 2.040100 3
7 5 3 64 2.040100 3
8 5 3 64 2.040100 3
9 5 3 64 2.040100 3
10 5 3 64 2.040100 3
11 5 3 64 2.040100 3
12 5 3 64 2.040100 3
13 5 3 64 2.040100 3
14 5 3 64 2.040100 3
15 5 3 64 2.040100 3
16 5 3 64 2.040100 3
17 5 3 64 2.040100 3
18 5 3 64 2.040100 3
19 5 3 64 2.040100 3
6 5 3 64 2.040200 3
7 5 3 64 2.040200 3
8 5 3 64 2.040200 3
9 5 3 64 2.040200 3
10 5 3 64 2.040200 3
11 5 3 64 2.040200 3
12 5 3 64 2.040200 3
13 5 3 64 2.040200 3
14 5 3 64 2.040200 3
15 5 3 64 2.040200 3
16 5 3 64 2.040200 3
17 5 3 64 2.040200 3
18 5 3 64 2.040200 3
19 5 3 64 2.040200 3
6 5 3 64 2.040300 3
7 5 3 64 2.040300 3
8 5 3 64 2.040300 3
9 5 3 64 2.040300 3
10 5 3 64 2.040300 3
11 5 3 64 2.040300 3
12 5 3 64 2.040300 3
13 5 3 64 2.040300 3
14 5 3 64 2.040300 3
15 5 3 64 2.040300 3
16 5 3 64 2.040300 3
17 5 3 64 2.040300 3
18 5 3 64 2.040300 3
19 5 3 64 2.040300 3
6 5 3 64 2.040400 3
7 5 3 64 2.040400 3
8 5 3 64 2.040400 3
9 5 3 64 2.040400 3
10 5 3 64 2.040400 3
11 5 3 64 2.040400 3
12 5 3 64 2.040400 3
13 5 3 64 2.040400 3
14 5 3 64 2.040400 3
15 5 3 64 2.040400 3
16 5 3 64 2.040400 3
17 5 3 64 2.040400 3
18 5 3 64 2.040400 3
19 5 3 64 2.040400 3
6 5 3 64 2.040500 3
7 5 3 64 2.040500 3
8 5 3 64 2.040500 3
9 5 3 64 2.040500 3
10 5 3 64 2.040500 3
11 5 3 64 2.040500 3
12 5 3 64 2.040500 3
13 5 3 64 2.040500 3
14 5 3 64 2.040500 3
15 5 3 64 2.040500 3
16 5 3 64 2.040500 3
17 5 3 64 2.040500 3
18 5 3 64 2.040500 3
19 5 3 64 2.040500 3
6 5 3 64 2.040600 3
7 5 3 64 2.040600 3
8 5 3 64 2.040600 3
9 5 3 64 2.040600 3
10 5 3 64 2.040600 3
11 5 3 64 2.040600 3
12 5 3 64 2.040600 3
13 5 3 64 2.040600 3
14 5 3 64 2.040600 3
15 5 3 64 2.040600 3
16 5 3 64 2.040600 3
17 5 3 64 2.040600 3
18 5 3 64 2.040600 3
19 5 3 64 2.040600 3
6 5 3 64 2.040700 3
7 5 3 64 2.040700 3
8 5 3 64 2.040700 3
9 5 3 64 2.040700 3
10 5 3 64 2.040700 3
11 5 3 64 2.040700 3
12 5 3 64 2.040700 3
13 5 3 64 2.040700 3
14 5 3 64 2.040700 3
15 5 3 64 2.040700 3
16 5 3 64 2.040700 3
17 5 3 64 2.040700 3
18 5 3 64 2.040700 3
19 5 3 64 2.040700 3
6 5 3 64 2.040800 3
7 5 3 64 2.040800 3
8 5 3 64 2.040800 3
9 5 3 64 2.040800 3
10 5 3 64 2.040800 3
11 5 3 64 2.040800 3
12 5 3 64 2.040800 3
13 5 3 64 2.040800 3
14 5 3 64 2.040800 3
15 5 3 64 2.040800 3
16 5 3 64 2.040800 3
17 5 3 64 2.040800 3
18 5 3 64 2.040800 3
19 5 3 64 2.040800 3
6 5 3 64 2.040900 3
7 5 3 64 2.040900 3
8 5 3 64 2.040900 3
9 5 3 64 2.040900 3
10 5 3 64 2.040900 3
11 5 3 64 2.040900 3
12 5 3 64 2.040900 3
13 5 3 64 2.040900 3
14 5 3 64 2.040900 3
15 5 3 64 2.040900 3
16 5 3 64 2.040900 3
17 5 3 64 2.040900 3
18 5 3 64 2.040900 3
19 5 3 64 2.040900 3
6 5 3 64 2.041000 3
7 5 3 64 2.041000 3
8 5 3 64 2.041000 3
9 5 3 64 2.041000 3
10 5 3 64 2.041000 3
11 5 3 64 2.041000 3
12 5 3 64 2.041000 3
13 5 3 64 2.041000 3
14 5 3 64 2.041000 3
15 5 3 64 2.041000 3
16 5 3 64 2.041000 3
17 5 3 64 2.041000 3
18 5 3 64 2.041000 3
19 5 3 64 2.041000 3
6 5 3 64 2.041100 3
7 5 3 64 2.041100 3
8 5 3 64 2.041100 3
9 5 3 64 2.041100 3
10 5 3 64 2.041100 3
11 5 3 64 2.041100 3
12 5 3 64 2.041100 3
13 5 3 64 2.041100 3
14 5 3 64 2.041100 3
15 5 3 64 2.041100 3
16 5 3 64 2.041100 3
17 5 3 64 2.041100 3
18 5 3 64 2.041100 3
19 5 3 64 2.041100 3
6 5 3 64 2.041200 3
7 5 3 64 2.041200 3
8 5 3 64 2.041200 3
9 5 3 64 2.041200 3
10 5 3 64 2.041200 3
11 5 3 64 2.041200 3
12 5 3 64 2.041200 3
13 5 3 64 2.041200 3
14 5 3 64 2.041200 3
15 5 3 64 2.041200 3
16 5 3 64 2.041200 3
17 5 3 64 2.041200 3
18 5 3 64 2.041200 3
19 5 3 64 2.041200 3
6 5 3 64 2.041300 3
7 5 3 64 2.041300 3
8 5 3 64 2.041300 3
9 5 3 64 2.041300 3
10 5 3 64 2.041300 3
11 5 3 64 2.041300 3
12 5 3 64 2.041300 3
13 5 3 64 2.041300 3
14 5 3 64 2.041300 3
15 5 3 64 2.041300 3
16 5 3 64 2.041300 3
17 5 3 64 2.041300 3
18 5 3 64 2.041300 3
19 5 3 64 2.041300 3
6 5 3 64 2.041400 3
7 5 3 64 2.041400 3
8 5 3 64 2.041400 3
9 5 3 64 2.041400 3
10 5 3 64 2.041400 3
11 5 3 64 2.041400 3
12 5 3 64 2.041400 3
13 5 3 64 2.041400 3
14 5 3 64 2.041400 3
15 5 3 64 2.041400 3
16 5 3 64 2.041400 3
17 5 3 64 2.041400 3
18 5 3 64 2.041400 3
19 5 3 64 2.041400 3
6 5 3 64 2.041500 3
7 5 3 64 2.041500 3
8 5 3 64 2.041500 3
9 5 3 64 2.041500 3
10 5 3 64 2.041500 3
11 5 3 64 2.041500 3
12 5 3 64 2.041500 3
13 5 3 64 2.041500 3
14 5 3 64 2.041500 3
15 5 3 64 2.041500 3
16 5 3 64 2.041500 3
17 5 3 64 2.041500 3
18 5 3 64 2.041500 3
19 5 3 64 2.041500 3
6 5 3 64 2.041600 3
7 5 3 64 2.041600 3
8 5 3 64 2.041600 3
9 5 3 64 2.041600 3
10 5 3 64 2.041600 3
11 5 3 64 2.041600 3
12 5 3 64 2.041600 3
13 5 3 64 2.041600 3
14 5 3 64 2.041600 3
15 5 3 64 2.041600 3
16 5 3 64 2.041600 3
17 5 3 64 2.041600 3
18 5 3 64 2.041600 3
19 5 3 64 2.041600 3
6 5 3 64 2.041700 3
7 5 3 64 2.041700 3
8 5 3 64 2.041700 3
9 5 3 64 2.041700 3
10 5 3 64 2.041700 3
11 5 3 64 2.041700 3
12 5 3 64 2.041700 3
13 5 3 64 2.041700 3
14 5 3 64 2.041700 3
15 5 3 64 2.041700 3
16 5 3 64 2.041700 3
17 5 3 64 2.041700 3
18 5 3 64 2.041700 3
19 5 3 64 2.041700 3
6 5 3 64 2.041800 3
7 5 3 64 2.041800 3
8 5 3 64 2.041800 3
9 5 3 64 2.041800 3
10 5 3 64 2.041800 3
11 5 3 64 2.041800 3
12 5 3 64 2.041800 3
13 5 3 64 2.041800 3
14 5 3 64 2.041800 3
15 5 3 64 2.041800 3
16 5 3 64 2.041800 3
17 5 3 64 2.041800 3
18 5 3 64 2.041800 3
19 5 3 64 2.041800 3
6 5 3 64 2.041900 3
7 5 3 64 2.041900 3
8 5 3 64 2.041900 3
9 5 3 64 2.041900 3
10 5 3 64 2.041900 3
11 5 3 64 2.041900 3
12 5 3 64 2.041900 3
13 5 3 64 2.041900 3
14 5 3 64 2.041900 3
15 5 3 64 2.041900 3
16 5 3 64 2.041900 3
17 5 3 64 2.041900 3
18 5 3 64 2.041900 3
19 5 3 64 2.041900 3
6 5 3 64 2.050000 3
7 5 3 64 2.050000 3
8 5 3 64 2.050000 3
9 5 3 64 2.050000 3
10 5 3 64 2.050000 3
11 5 3 64 2.050000 3
12 5 3 64 2.050000 3
13 5 3 64 2.050000 3
14 5 3 64 2.050000 3
15 5 3 64 2.050000 3
16 5 3 64 2.050000 3
17 5 3 64 2.050000 3
18 5 3 64 2.050000 3
19 5 3 64 2.050000 3
6 5 3 64 2.050400 3
7 5 3 64 2.050400 3
8 5 3 64 2.050400 3
9 5 3 64 2.050400 3
10 5 3 64 2.050400 3
11 5 3 64 2.050400 3
12 5 3 64 2.050400 3
13 5 3 64 2.050400 3
14 5 3 64 2.050400 3
15 5 3 64 2.050400 3
16 5 3 64 2.050400 3
17 5 3 64 2.050400 3
18 5 3 64 2.050400 3
19 5 3 64 2.050400 3
6 5 3 64 2.050800 3
7 5 3 64 2.050800 3
8 5 3 64 2.050800 3
9 5 3 64 2.050800 3
10 5 3 64 2.050800 3
11 5 3 64 2.050800 3
12 5 3 64 2.050800 3
13 5 3 64 2.050800 3
14 5 3 64 2.050800 3
15 5 3 64 2.050800 3
16 5 3 64 2.050800 3
17 5 3 64 2.050800 3
18 5 3 64 2.050800 3
19 5 3 64 2.050800 3
6 5 3 64 2.051200 3
7 5 3 64 2.051200 3
8 5 3 64 2.051200 3
9 5 3 64 2.051200 3
10 5 3 64 2.051200 3
11 5 3 64 2.051200 3
12 5 3 64 2.051200 3
13 5 3 64 2.051200 3
14 5 3 64 2.051200 3
15 5 3 64 2.051200 3
16 5 3 64 2.051200 3
17 5 3 64 2.051200 3
18 5 3 64 2.051200 3
19 5 3 64 2.051200 3
6 5 3 64 2.051600 3
7 5 3 64 2.051600 3
8 5 3 64 2.051600 3
9 5 3 64 2.051600 3
10 5 3 64 2.051600 3
11 5 3 64 2.051600 3
12 5 3 64 2.051600 3
13 5 3 64 2.051600 3
14 5 3 64 2.051600 3
15 5 3 64 2.051600 3
16 5 3 64 2.051600 3
17 5 3 64 2.051600 3
18 5 3 64 2.051600 3
19 5 3 64 2.051600 3
6 5 3 64 2.052000 3
7 5 3 64 2.052000 3
8 5 3 64 2.052000 3
9 5 3 64 2.052000 3
10 5 3 64 2.052000 3
11 5 3 64 2.052000 3
12 5 3 64 2.052000 3
13 5 3 64 2.052000 3
14 5 3 64 2.052000 3
15 5 3 64 2.052000 3
16 5 3 64 2.052000 3
17 5 3 64 2.052000 3
18 5 3 64 2.052000 3
19 5 3 64 2.052000 3
940
