716
2 4 3 400000000 2 3
3 5 3 400000000 2 3
6 5 3 64000 2.030000 3
7 5 3 64000 2.030000 3
8 5 3 64000 2.030000 3
9 5 3 64000 2.030000 3
10 5 3 64000 2.030000 3
11 5 3 64000 2.030000 3
12 5 3 64000 2.030000 3
13 5 3 64000 2.030000 3
14 5 3 64000 2.030000 3
15 5 3 64000 2.030000 3
16 5 3 64000 2.030000 3
17 5 3 64000 2.030000 3
18 5 3 64000 2.030000 3
19 5 3 64000 2.030000 3
6 5 3 64000 2.030060 3
7 5 3 64000 2.030060 3
8 5 3 64000 2.030060 3
9 5 3 64000 2.030060 3
10 5 3 64000 2.030060 3
11 5 3 64000 2.030060 3
12 5 3 64000 2.030060 3
13 5 3 64000 2.030060 3
14 5 3 64000 2.030060 3
15 5 3 64000 2.030060 3
16 5 3 64000 2.030060 3
17 5 3 64000 2.030060 3
18 5 3 64000 2.030060 3
19 5 3 64000 2.030060 3
6 5 3 64000 2.030120 3
7 5 3 64000 2.030120 3
8 5 3 64000 2.030120 3
9 5 3 64000 2.030120 3
10 5 3 64000 2.030120 3
11 5 3 64000 2.030120 3
12 5 3 64000 2.030120 3
13 5 3 64000 2.030120 3
14 5 3 64000 2.030120 3
15 5 3 64000 2.030120 3
16 5 3 64000 2.030120 3
17 5 3 64000 2.030120 3
18 5 3 64000 2.030120 3
19 5 3 64000 2.030120 3
6 5 3 64000 2.030180 3
7 5 3 64000 2.030180 3
8 5 3 64000 2.030180 3
9 5 3 64000 2.030180 3
10 5 3 64000 2.030180 3
11 5 3 64000 2.030180 3
12 5 3 64000 2.030180 3
13 5 3 64000 2.030180 3
14 5 3 64000 2.030180 3
15 5 3 64000 2.030180 3
16 5 3 64000 2.030180 3
17 5 3 64000 2.030180 3
18 5 3 64000 2.030180 3
19 5 3 64000 2.030180 3
6 5 3 64000 2.030240 3
7 5 3 64000 2.030240 3
8 5 3 64000 2.030240 3
9 5 3 64000 2.030240 3
10 5 3 64000 2.030240 3
11 5 3 64000 2.030240 3
12 5 3 64000 2.030240 3
13 5 3 64000 2.030240 3
14 5 3 64000 2.030240 3
15 5 3 64000 2.030240 3
16 5 3 64000 2.030240 3
17 5 3 64000 2.030240 3
18 5 3 64000 2.030240 3
19 5 3 64000 2.030240 3
6 5 3 64000 2.030300 3
7 5 3 64000 2.030300 3
8 5 3 64000 2.030300 3
9 5 3 64000 2.030300 3
10 5 3 64000 2.030300 3
11 5 3 64000 2.030300 3
12 5 3 64000 2.030300 3
13 5 3 64000 2.030300 3
14 5 3 64000 2.030300 3
15 5 3 64000 2.030300 3
16 5 3 64000 2.030300 3
17 5 3 64000 2.030300 3
18 5 3 64000 2.030300 3
19 5 3 64000 2.030300 3
6 5 3 64000 2.030360 3
7 5 3 64000 2.030360 3
8 5 3 64000 2.030360 3
9 5 3 64000 2.030360 3
10 5 3 64000 2.030360 3
11 5 3 64000 2.030360 3
12 5 3 64000 2.030360 3
13 5 3 64000 2.030360 3
14 5 3 64000 2.030360 3
15 5 3 64000 2.030360 3
16 5 3 64000 2.030360 3
17 5 3 64000 2.030360 3
18 5 3 64000 2.030360 3
19 5 3 64000 2.030360 3
6 5 3 64000 2.030420 3
7 5 3 64000 2.030420 3
8 5 3 64000 2.030420 3
9 5 3 64000 2.030420 3
10 5 3 64000 2.030420 3
11 5 3 64000 2.030420 3
12 5 3 64000 2.030420 3
13 5 3 64000 2.030420 3
14 5 3 64000 2.030420 3
15 5 3 64000 2.030420 3
16 5 3 64000 2.030420 3
17 5 3 64000 2.030420 3
18 5 3 64000 2.030420 3
19 5 3 64000 2.030420 3
6 5 3 64000 2.030480 3
7 5 3 64000 2.030480 3
8 5 3 64000 2.030480 3
9 5 3 64000 2.030480 3
10 5 3 64000 2.030480 3
11 5 3 64000 2.030480 3
12 5 3 64000 2.030480 3
13 5 3 64000 2.030480 3
14 5 3 64000 2.030480 3
15 5 3 64000 2.030480 3
16 5 3 64000 2.030480 3
17 5 3 64000 2.030480 3
18 5 3 64000 2.030480 3
19 5 3 64000 2.030480 3
6 5 3 64000 2.030540 3
7 5 3 64000 2.030540 3
8 5 3 64000 2.030540 3
9 5 3 64000 2.030540 3
10 5 3 64000 2.030540 3
11 5 3 64000 2.030540 3
12 5 3 64000 2.030540 3
13 5 3 64000 2.030540 3
14 5 3 64000 2.030540 3
15 5 3 64000 2.030540 3
16 5 3 64000 2.030540 3
17 5 3 64000 2.030540 3
18 5 3 64000 2.030540 3
19 5 3 64000 2.030540 3
6 5 3 64000 2.030600 3
7 5 3 64000 2.030600 3
8 5 3 64000 2.030600 3
9 5 3 64000 2.030600 3
10 5 3 64000 2.030600 3
11 5 3 64000 2.030600 3
12 5 3 64000 2.030600 3
13 5 3 64000 2.030600 3
14 5 3 64000 2.030600 3
15 5 3 64000 2.030600 3
16 5 3 64000 2.030600 3
17 5 3 64000 2.030600 3
18 5 3 64000 2.030600 3
19 5 3 64000 2.030600 3
6 5 3 64000 2.030660 3
7 5 3 64000 2.030660 3
8 5 3 64000 2.030660 3
9 5 3 64000 2.030660 3
10 5 3 64000 2.030660 3
11 5 3 64000 2.030660 3
12 5 3 64000 2.030660 3
13 5 3 64000 2.030660 3
14 5 3 64000 2.030660 3
15 5 3 64000 2.030660 3
16 5 3 64000 2.030660 3
17 5 3 64000 2.030660 3
18 5 3 64000 2.030660 3
19 5 3 64000 2.030660 3
6 5 3 64000 2.030720 3
7 5 3 64000 2.030720 3
8 5 3 64000 2.030720 3
9 5 3 64000 2.030720 3
10 5 3 64000 2.030720 3
11 5 3 64000 2.030720 3
12 5 3 64000 2.030720 3
13 5 3 64000 2.030720 3
14 5 3 64000 2.030720 3
15 5 3 64000 2.030720 3
16 5 3 64000 2.030720 3
17 5 3 64000 2.030720 3
18 5 3 64000 2.030720 3
19 5 3 64000 2.030720 3
6 5 3 64000 2.030780 3
7 5 3 64000 2.030780 3
8 5 3 64000 2.030780 3
9 5 3 64000 2.030780 3
10 5 3 64000 2.030780 3
11 5 3 64000 2.030780 3
12 5 3 64000 2.030780 3
13 5 3 64000 2.030780 3
14 5 3 64000 2.030780 3
15 5 3 64000 2.030780 3
16 5 3 64000 2.030780 3
17 5 3 64000 2.030780 3
18 5 3 64000 2.030780 3
19 5 3 64000 2.030780 3
6 5 3 64000 2.030840 3
7 5 3 64000 2.030840 3
8 5 3 64000 2.030840 3
9 5 3 64000 2.030840 3
10 5 3 64000 2.030840 3
11 5 3 64000 2.030840 3
12 5 3 64000 2.030840 3
13 5 3 64000 2.030840 3
14 5 3 64000 2.030840 3
15 5 3 64000 2.030840 3
16 5 3 64000 2.030840 3
17 5 3 64000 2.030840 3
18 5 3 64000 2.030840 3
19 5 3 64000 2.030840 3
6 5 3 64000 2.030900 3
7 5 3 64000 2.030900 3
8 5 3 64000 2.030900 3
9 5 3 64000 2.030900 3
10 5 3 64000 2.030900 3
11 5 3 64000 2.030900 3
12 5 3 64000 2.030900 3
13 5 3 64000 2.030900 3
14 5 3 64000 2.030900 3
15 5 3 64000 2.030900 3
16 5 3 64000 2.030900 3
17 5 3 64000 2.030900 3
18 5 3 64000 2.030900 3
19 5 3 64000 2.030900 3
6 5 3 64000 2.030960 3
7 5 3 64000 2.030960 3
8 5 3 64000 2.030960 3
9 5 3 64000 2.030960 3
10 5 3 64000 2.030960 3
11 5 3 64000 2.030960 3
12 5 3 64000 2.030960 3
13 5 3 64000 2.030960 3
14 5 3 64000 2.030960 3
15 5 3 64000 2.030960 3
16 5 3 64000 2.030960 3
17 5 3 64000 2.030960 3
18 5 3 64000 2.030960 3
19 5 3 64000 2.030960 3
6 5 3 64000 2.031020 3
7 5 3 64000 2.031020 3
8 5 3 64000 2.031020 3
9 5 3 64000 2.031020 3
10 5 3 64000 2.031020 3
11 5 3 64000 2.031020 3
12 5 3 64000 2.031020 3
13 5 3 64000 2.031020 3
14 5 3 64000 2.031020 3
15 5 3 64000 2.031020 3
16 5 3 64000 2.031020 3
17 5 3 64000 2.031020 3
18 5 3 64000 2.031020 3
19 5 3 64000 2.031020 3
6 5 3 64000 2.031080 3
7 5 3 64000 2.031080 3
8 5 3 64000 2.031080 3
9 5 3 64000 2.031080 3
10 5 3 64000 2.031080 3
11 5 3 64000 2.031080 3
12 5 3 64000 2.031080 3
13 5 3 64000 2.031080 3
14 5 3 64000 2.031080 3
15 5 3 64000 2.031080 3
16 5 3 64000 2.031080 3
17 5 3 64000 2.031080 3
18 5 3 64000 2.031080 3
19 5 3 64000 2.031080 3
6 5 3 64000 2.031140 3
7 5 3 64000 2.031140 3
8 5 3 64000 2.031140 3
9 5 3 64000 2.031140 3
10 5 3 64000 2.031140 3
11 5 3 64000 2.031140 3
12 5 3 64000 2.031140 3
13 5 3 64000 2.031140 3
14 5 3 64000 2.031140 3
15 5 3 64000 2.031140 3
16 5 3 64000 2.031140 3
17 5 3 64000 2.031140 3
18 5 3 64000 2.031140 3
19 5 3 64000 2.031140 3
6 5 3 64000 2.031200 3
7 5 3 64000 2.031200 3
8 5 3 64000 2.031200 3
9 5 3 64000 2.031200 3
10 5 3 64000 2.031200 3
11 5 3 64000 2.031200 3
12 5 3 64000 2.031200 3
13 5 3 64000 2.031200 3
14 5 3 64000 2.031200 3
15 5 3 64000 2.031200 3
16 5 3 64000 2.031200 3
17 5 3 64000 2.031200 3
18 5 3 64000 2.031200 3
19 5 3 64000 2.031200 3
6 5 3 64000 2.031260 3
7 5 3 64000 2.031260 3
8 5 3 64000 2.031260 3
9 5 3 64000 2.031260 3
10 5 3 64000 2.031260 3
11 5 3 64000 2.031260 3
12 5 3 64000 2.031260 3
13 5 3 64000 2.031260 3
14 5 3 64000 2.031260 3
15 5 3 64000 2.031260 3
16 5 3 64000 2.031260 3
17 5 3 64000 2.031260 3
18 5 3 64000 2.031260 3
19 5 3 64000 2.031260 3
6 5 3 64000 2.031320 3
7 5 3 64000 2.031320 3
8 5 3 64000 2.031320 3
9 5 3 64000 2.031320 3
10 5 3 64000 2.031320 3
11 5 3 64000 2.031320 3
12 5 3 64000 2.031320 3
13 5 3 64000 2.031320 3
14 5 3 64000 2.031320 3
15 5 3 64000 2.031320 3
16 5 3 64000 2.031320 3
17 5 3 64000 2.031320 3
18 5 3 64000 2.031320 3
19 5 3 64000 2.031320 3
6 5 3 64000 2.031380 3
7 5 3 64000 2.031380 3
8 5 3 64000 2.031380 3
9 5 3 64000 2.031380 3
10 5 3 64000 2.031380 3
11 5 3 64000 2.031380 3
12 5 3 64000 2.031380 3
13 5 3 64000 2.031380 3
14 5 3 64000 2.031380 3
15 5 3 64000 2.031380 3
16 5 3 64000 2.031380 3
17 5 3 64000 2.031380 3
18 5 3 64000 2.031380 3
19 5 3 64000 2.031380 3
6 5 3 64000 2.031440 3
7 5 3 64000 2.031440 3
8 5 3 64000 2.031440 3
9 5 3 64000 2.031440 3
10 5 3 64000 2.031440 3
11 5 3 64000 2.031440 3
12 5 3 64000 2.031440 3
13 5 3 64000 2.031440 3
14 5 3 64000 2.031440 3
15 5 3 64000 2.031440 3
16 5 3 64000 2.031440 3
17 5 3 64000 2.031440 3
18 5 3 64000 2.031440 3
19 5 3 64000 2.031440 3
6 5 3 64000 2.031500 3
7 5 3 64000 2.031500 3
8 5 3 64000 2.031500 3
9 5 3 64000 2.031500 3
10 5 3 64000 2.031500 3
11 5 3 64000 2.031500 3
12 5 3 64000 2.031500 3
13 5 3 64000 2.031500 3
14 5 3 64000 2.031500 3
15 5 3 64000 2.031500 3
16 5 3 64000 2.031500 3
17 5 3 64000 2.031500 3
18 5 3 64000 2.031500 3
19 5 3 64000 2.031500 3
6 5 3 64000 2.031560 3
7 5 3 64000 2.031560 3
8 5 3 64000 2.031560 3
9 5 3 64000 2.031560 3
10 5 3 64000 2.031560 3
11 5 3 64000 2.031560 3
12 5 3 64000 2.031560 3
13 5 3 64000 2.031560 3
14 5 3 64000 2.031560 3
15 5 3 64000 2.031560 3
16 5 3 64000 2.031560 3
17 5 3 64000 2.031560 3
18 5 3 64000 2.031560 3
19 5 3 64000 2.031560 3
6 5 3 64000 2.031620 3
7 5 3 64000 2.031620 3
8 5 3 64000 2.031620 3
9 5 3 64000 2.031620 3
10 5 3 64000 2.031620 3
11 5 3 64000 2.031620 3
12 5 3 64000 2.031620 3
13 5 3 64000 2.031620 3
14 5 3 64000 2.031620 3
15 5 3 64000 2.031620 3
16 5 3 64000 2.031620 3
17 5 3 64000 2.031620 3
18 5 3 64000 2.031620 3
19 5 3 64000 2.031620 3
6 5 3 64000 2.031680 3
7 5 3 64000 2.031680 3
8 5 3 64000 2.031680 3
9 5 3 64000 2.031680 3
10 5 3 64000 2.031680 3
11 5 3 64000 2.031680 3
12 5 3 64000 2.031680 3
13 5 3 64000 2.031680 3
14 5 3 64000 2.031680 3
15 5 3 64000 2.031680 3
16 5 3 64000 2.031680 3
17 5 3 64000 2.031680 3
18 5 3 64000 2.031680 3
19 5 3 64000 2.031680 3
6 5 3 64000 2.031740 3
7 5 3 64000 2.031740 3
8 5 3 64000 2.031740 3
9 5 3 64000 2.031740 3
10 5 3 64000 2.031740 3
11 5 3 64000 2.031740 3
12 5 3 64000 2.031740 3
13 5 3 64000 2.031740 3
14 5 3 64000 2.031740 3
15 5 3 64000 2.031740 3
16 5 3 64000 2.031740 3
17 5 3 64000 2.031740 3
18 5 3 64000 2.031740 3
19 5 3 64000 2.031740 3
6 5 3 64000 2.031800 3
7 5 3 64000 2.031800 3
8 5 3 64000 2.031800 3
9 5 3 64000 2.031800 3
10 5 3 64000 2.031800 3
11 5 3 64000 2.031800 3
12 5 3 64000 2.031800 3
13 5 3 64000 2.031800 3
14 5 3 64000 2.031800 3
15 5 3 64000 2.031800 3
16 5 3 64000 2.031800 3
17 5 3 64000 2.031800 3
18 5 3 64000 2.031800 3
19 5 3 64000 2.031800 3
6 5 3 64000 2.031860 3
7 5 3 64000 2.031860 3
8 5 3 64000 2.031860 3
9 5 3 64000 2.031860 3
10 5 3 64000 2.031860 3
11 5 3 64000 2.031860 3
12 5 3 64000 2.031860 3
13 5 3 64000 2.031860 3
14 5 3 64000 2.031860 3
15 5 3 64000 2.031860 3
16 5 3 64000 2.031860 3
17 5 3 64000 2.031860 3
18 5 3 64000 2.031860 3
19 5 3 64000 2.031860 3
6 5 3 64000 2.031920 3
7 5 3 64000 2.031920 3
8 5 3 64000 2.031920 3
9 5 3 64000 2.031920 3
10 5 3 64000 2.031920 3
11 5 3 64000 2.031920 3
12 5 3 64000 2.031920 3
13 5 3 64000 2.031920 3
14 5 3 64000 2.031920 3
15 5 3 64000 2.031920 3
16 5 3 64000 2.031920 3
17 5 3 64000 2.031920 3
18 5 3 64000 2.031920 3
19 5 3 64000 2.031920 3
6 5 3 64000 2.031980 3
7 5 3 64000 2.031980 3
8 5 3 64000 2.031980 3
9 5 3 64000 2.031980 3
10 5 3 64000 2.031980 3
11 5 3 64000 2.031980 3
12 5 3 64000 2.031980 3
13 5 3 64000 2.031980 3
14 5 3 64000 2.031980 3
15 5 3 64000 2.031980 3
16 5 3 64000 2.031980 3
17 5 3 64000 2.031980 3
18 5 3 64000 2.031980 3
19 5 3 64000 2.031980 3
6 5 3 64000 2.032040 3
7 5 3 64000 2.032040 3
8 5 3 64000 2.032040 3
9 5 3 64000 2.032040 3
10 5 3 64000 2.032040 3
11 5 3 64000 2.032040 3
12 5 3 64000 2.032040 3
13 5 3 64000 2.032040 3
14 5 3 64000 2.032040 3
15 5 3 64000 2.032040 3
16 5 3 64000 2.032040 3
17 5 3 64000 2.032040 3
18 5 3 64000 2.032040 3
19 5 3 64000 2.032040 3
6 5 3 64000 2.032100 3
7 5 3 64000 2.032100 3
8 5 3 64000 2.032100 3
9 5 3 64000 2.032100 3
10 5 3 64000 2.032100 3
11 5 3 64000 2.032100 3
12 5 3 64000 2.032100 3
13 5 3 64000 2.032100 3
14 5 3 64000 2.032100 3
15 5 3 64000 2.032100 3
16 5 3 64000 2.032100 3
17 5 3 64000 2.032100 3
18 5 3 64000 2.032100 3
19 5 3 64000 2.032100 3
6 5 3 64000 2.032160 3
7 5 3 64000 2.032160 3
8 5 3 64000 2.032160 3
9 5 3 64000 2.032160 3
10 5 3 64000 2.032160 3
11 5 3 64000 2.032160 3
12 5 3 64000 2.032160 3
13 5 3 64000 2.032160 3
14 5 3 64000 2.032160 3
15 5 3 64000 2.032160 3
16 5 3 64000 2.032160 3
17 5 3 64000 2.032160 3
18 5 3 64000 2.032160 3
19 5 3 64000 2.032160 3
6 5 3 64000 2.032220 3
7 5 3 64000 2.032220 3
8 5 3 64000 2.032220 3
9 5 3 64000 2.032220 3
10 5 3 64000 2.032220 3
11 5 3 64000 2.032220 3
12 5 3 64000 2.032220 3
13 5 3 64000 2.032220 3
14 5 3 64000 2.032220 3
15 5 3 64000 2.032220 3
16 5 3 64000 2.032220 3
17 5 3 64000 2.032220 3
18 5 3 64000 2.032220 3
19 5 3 64000 2.032220 3
6 5 3 64000 2.032280 3
7 5 3 64000 2.032280 3
8 5 3 64000 2.032280 3
9 5 3 64000 2.032280 3
10 5 3 64000 2.032280 3
11 5 3 64000 2.032280 3
12 5 3 64000 2.032280 3
13 5 3 64000 2.032280 3
14 5 3 64000 2.032280 3
15 5 3 64000 2.032280 3
16 5 3 64000 2.032280 3
17 5 3 64000 2.032280 3
18 5 3 64000 2.032280 3
19 5 3 64000 2.032280 3
6 5 3 64000 2.032340 3
7 5 3 64000 2.032340 3
8 5 3 64000 2.032340 3
9 5 3 64000 2.032340 3
10 5 3 64000 2.032340 3
11 5 3 64000 2.032340 3
12 5 3 64000 2.032340 3
13 5 3 64000 2.032340 3
14 5 3 64000 2.032340 3
15 5 3 64000 2.032340 3
16 5 3 64000 2.032340 3
17 5 3 64000 2.032340 3
18 5 3 64000 2.032340 3
19 5 3 64000 2.032340 3
6 5 3 64000 2.032400 3
7 5 3 64000 2.032400 3
8 5 3 64000 2.032400 3
9 5 3 64000 2.032400 3
10 5 3 64000 2.032400 3
11 5 3 64000 2.032400 3
12 5 3 64000 2.032400 3
13 5 3 64000 2.032400 3
14 5 3 64000 2.032400 3
15 5 3 64000 2.032400 3
16 5 3 64000 2.032400 3
17 5 3 64000 2.032400 3
18 5 3 64000 2.032400 3
19 5 3 64000 2.032400 3
6 5 3 64000 2.032460 3
7 5 3 64000 2.032460 3
8 5 3 64000 2.032460 3
9 5 3 64000 2.032460 3
10 5 3 64000 2.032460 3
11 5 3 64000 2.032460 3
12 5 3 64000 2.032460 3
13 5 3 64000 2.032460 3
14 5 3 64000 2.032460 3
15 5 3 64000 2.032460 3
16 5 3 64000 2.032460 3
17 5 3 64000 2.032460 3
18 5 3 64000 2.032460 3
19 5 3 64000 2.032460 3
6 5 3 64000 2.032520 3
7 5 3 64000 2.032520 3
8 5 3 64000 2.032520 3
9 5 3 64000 2.032520 3
10 5 3 64000 2.032520 3
11 5 3 64000 2.032520 3
12 5 3 64000 2.032520 3
13 5 3 64000 2.032520 3
14 5 3 64000 2.032520 3
15 5 3 64000 2.032520 3
16 5 3 64000 2.032520 3
17 5 3 64000 2.032520 3
18 5 3 64000 2.032520 3
19 5 3 64000 2.032520 3
6 5 3 64000 2.032580 3
7 5 3 64000 2.032580 3
8 5 3 64000 2.032580 3
9 5 3 64000 2.032580 3
10 5 3 64000 2.032580 3
11 5 3 64000 2.032580 3
12 5 3 64000 2.032580 3
13 5 3 64000 2.032580 3
14 5 3 64000 2.032580 3
15 5 3 64000 2.032580 3
16 5 3 64000 2.032580 3
17 5 3 64000 2.032580 3
18 5 3 64000 2.032580 3
19 5 3 64000 2.032580 3
6 5 3 64000 2.032640 3
7 5 3 64000 2.032640 3
8 5 3 64000 2.032640 3
9 5 3 64000 2.032640 3
10 5 3 64000 2.032640 3
11 5 3 64000 2.032640 3
12 5 3 64000 2.032640 3
13 5 3 64000 2.032640 3
14 5 3 64000 2.032640 3
15 5 3 64000 2.032640 3
16 5 3 64000 2.032640 3
17 5 3 64000 2.032640 3
18 5 3 64000 2.032640 3
19 5 3 64000 2.032640 3
6 5 3 64000 2.032700 3
7 5 3 64000 2.032700 3
8 5 3 64000 2.032700 3
9 5 3 64000 2.032700 3
10 5 3 64000 2.032700 3
11 5 3 64000 2.032700 3
12 5 3 64000 2.032700 3
13 5 3 64000 2.032700 3
14 5 3 64000 2.032700 3
15 5 3 64000 2.032700 3
16 5 3 64000 2.032700 3
17 5 3 64000 2.032700 3
18 5 3 64000 2.032700 3
19 5 3 64000 2.032700 3
6 5 3 64000 2.032760 3
7 5 3 64000 2.032760 3
8 5 3 64000 2.032760 3
9 5 3 64000 2.032760 3
10 5 3 64000 2.032760 3
11 5 3 64000 2.032760 3
12 5 3 64000 2.032760 3
13 5 3 64000 2.032760 3
14 5 3 64000 2.032760 3
15 5 3 64000 2.032760 3
16 5 3 64000 2.032760 3
17 5 3 64000 2.032760 3
18 5 3 64000 2.032760 3
19 5 3 64000 2.032760 3
6 5 3 64000 2.032820 3
7 5 3 64000 2.032820 3
8 5 3 64000 2.032820 3
9 5 3 64000 2.032820 3
10 5 3 64000 2.032820 3
11 5 3 64000 2.032820 3
12 5 3 64000 2.032820 3
13 5 3 64000 2.032820 3
14 5 3 64000 2.032820 3
15 5 3 64000 2.032820 3
16 5 3 64000 2.032820 3
17 5 3 64000 2.032820 3
18 5 3 64000 2.032820 3
19 5 3 64000 2.032820 3
6 5 3 64000 2.032880 3
7 5 3 64000 2.032880 3
8 5 3 64000 2.032880 3
9 5 3 64000 2.032880 3
10 5 3 64000 2.032880 3
11 5 3 64000 2.032880 3
12 5 3 64000 2.032880 3
13 5 3 64000 2.032880 3
14 5 3 64000 2.032880 3
15 5 3 64000 2.032880 3
16 5 3 64000 2.032880 3
17 5 3 64000 2.032880 3
18 5 3 64000 2.032880 3
19 5 3 64000 2.032880 3
6 5 3 64000 2.032940 3
7 5 3 64000 2.032940 3
8 5 3 64000 2.032940 3
9 5 3 64000 2.032940 3
10 5 3 64000 2.032940 3
11 5 3 64000 2.032940 3
12 5 3 64000 2.032940 3
13 5 3 64000 2.032940 3
14 5 3 64000 2.032940 3
15 5 3 64000 2.032940 3
16 5 3 64000 2.032940 3
17 5 3 64000 2.032940 3
18 5 3 64000 2.032940 3
19 5 3 64000 2.032940 3
6 5 3 64000 2.033000 3
7 5 3 64000 2.033000 3
8 5 3 64000 2.033000 3
9 5 3 64000 2.033000 3
10 5 3 64000 2.033000 3
11 5 3 64000 2.033000 3
12 5 3 64000 2.033000 3
13 5 3 64000 2.033000 3
14 5 3 64000 2.033000 3
15 5 3 64000 2.033000 3
16 5 3 64000 2.033000 3
17 5 3 64000 2.033000 3
18 5 3 64000 2.033000 3
19 5 3 64000 2.033000 3
716