1200
20 7 3 400000000 2.0 3
21 8 3 400000000 2.0 3
40 8 3 64 2.02000000 3
41 8 3 64 2.02000000 3
42 8 3 64 2.02000000 3
43 8 3 64 2.02000000 3
44 8 3 64 2.02000000 3
45 8 3 64 2.02000000 3
46 8 3 64 2.02000000 3
47 8 3 64 2.02000000 3
48 8 3 64 2.02000000 3
49 8 3 64 2.02000000 3
50 8 3 64 2.02000000 3
51 8 3 64 2.02000000 3
52 8 3 64 2.02000000 3
53 8 3 64 2.02000000 3
54 8 3 64 2.02000000 3
40 8 3 64 2.02004750 3
41 8 3 64 2.02004750 3
42 8 3 64 2.02004750 3
43 8 3 64 2.02004750 3
44 8 3 64 2.02004750 3
45 8 3 64 2.02004750 3
46 8 3 64 2.02004750 3
47 8 3 64 2.02004750 3
48 8 3 64 2.02004750 3
49 8 3 64 2.02004750 3
50 8 3 64 2.02004750 3
51 8 3 64 2.02004750 3
52 8 3 64 2.02004750 3
53 8 3 64 2.02004750 3
54 8 3 64 2.02004750 3
40 8 3 64 2.02009500 3
41 8 3 64 2.02009500 3
42 8 3 64 2.02009500 3
43 8 3 64 2.02009500 3
44 8 3 64 2.02009500 3
45 8 3 64 2.02009500 3
46 8 3 64 2.02009500 3
47 8 3 64 2.02009500 3
48 8 3 64 2.02009500 3
49 8 3 64 2.02009500 3
50 8 3 64 2.02009500 3
51 8 3 64 2.02009500 3
52 8 3 64 2.02009500 3
53 8 3 64 2.02009500 3
54 8 3 64 2.02009500 3
40 8 3 64 2.02014250 3
41 8 3 64 2.02014250 3
42 8 3 64 2.02014250 3
43 8 3 64 2.02014250 3
44 8 3 64 2.02014250 3
45 8 3 64 2.02014250 3
46 8 3 64 2.02014250 3
47 8 3 64 2.02014250 3
48 8 3 64 2.02014250 3
49 8 3 64 2.02014250 3
50 8 3 64 2.02014250 3
51 8 3 64 2.02014250 3
52 8 3 64 2.02014250 3
53 8 3 64 2.02014250 3
54 8 3 64 2.02014250 3
40 8 3 64 2.02019000 3
41 8 3 64 2.02019000 3
42 8 3 64 2.02019000 3
43 8 3 64 2.02019000 3
44 8 3 64 2.02019000 3
45 8 3 64 2.02019000 3
46 8 3 64 2.02019000 3
47 8 3 64 2.02019000 3
48 8 3 64 2.02019000 3
49 8 3 64 2.02019000 3
50 8 3 64 2.02019000 3
51 8 3 64 2.02019000 3
52 8 3 64 2.02019000 3
53 8 3 64 2.02019000 3
54 8 3 64 2.02019000 3
40 8 3 64 2.02023750 3
41 8 3 64 2.02023750 3
42 8 3 64 2.02023750 3
43 8 3 64 2.02023750 3
44 8 3 64 2.02023750 3
45 8 3 64 2.02023750 3
46 8 3 64 2.02023750 3
47 8 3 64 2.02023750 3
48 8 3 64 2.02023750 3
49 8 3 64 2.02023750 3
50 8 3 64 2.02023750 3
51 8 3 64 2.02023750 3
52 8 3 64 2.02023750 3
53 8 3 64 2.02023750 3
54 8 3 64 2.02023750 3
40 8 3 64 2.02028500 3
41 8 3 64 2.02028500 3
42 8 3 64 2.02028500 3
43 8 3 64 2.02028500 3
44 8 3 64 2.02028500 3
45 8 3 64 2.02028500 3
46 8 3 64 2.02028500 3
47 8 3 64 2.02028500 3
48 8 3 64 2.02028500 3
49 8 3 64 2.02028500 3
50 8 3 64 2.02028500 3
51 8 3 64 2.02028500 3
52 8 3 64 2.02028500 3
53 8 3 64 2.02028500 3
54 8 3 64 2.02028500 3
40 8 3 64 2.02033250 3
41 8 3 64 2.02033250 3
42 8 3 64 2.02033250 3
43 8 3 64 2.02033250 3
44 8 3 64 2.02033250 3
45 8 3 64 2.02033250 3
46 8 3 64 2.02033250 3
47 8 3 64 2.02033250 3
48 8 3 64 2.02033250 3
49 8 3 64 2.02033250 3
50 8 3 64 2.02033250 3
51 8 3 64 2.02033250 3
52 8 3 64 2.02033250 3
53 8 3 64 2.02033250 3
54 8 3 64 2.02033250 3
40 8 3 64 2.02038000 3
41 8 3 64 2.02038000 3
42 8 3 64 2.02038000 3
43 8 3 64 2.02038000 3
44 8 3 64 2.02038000 3
45 8 3 64 2.02038000 3
46 8 3 64 2.02038000 3
47 8 3 64 2.02038000 3
48 8 3 64 2.02038000 3
49 8 3 64 2.02038000 3
50 8 3 64 2.02038000 3
51 8 3 64 2.02038000 3
52 8 3 64 2.02038000 3
53 8 3 64 2.02038000 3
54 8 3 64 2.02038000 3
40 8 3 64 2.02042750 3
41 8 3 64 2.02042750 3
42 8 3 64 2.02042750 3
43 8 3 64 2.02042750 3
44 8 3 64 2.02042750 3
45 8 3 64 2.02042750 3
46 8 3 64 2.02042750 3
47 8 3 64 2.02042750 3
48 8 3 64 2.02042750 3
49 8 3 64 2.02042750 3
50 8 3 64 2.02042750 3
51 8 3 64 2.02042750 3
52 8 3 64 2.02042750 3
53 8 3 64 2.02042750 3
54 8 3 64 2.02042750 3
40 8 3 64 2.02047500 3
41 8 3 64 2.02047500 3
42 8 3 64 2.02047500 3
43 8 3 64 2.02047500 3
44 8 3 64 2.02047500 3
45 8 3 64 2.02047500 3
46 8 3 64 2.02047500 3
47 8 3 64 2.02047500 3
48 8 3 64 2.02047500 3
49 8 3 64 2.02047500 3
50 8 3 64 2.02047500 3
51 8 3 64 2.02047500 3
52 8 3 64 2.02047500 3
53 8 3 64 2.02047500 3
54 8 3 64 2.02047500 3
40 8 3 64 2.02052250 3
41 8 3 64 2.02052250 3
42 8 3 64 2.02052250 3
43 8 3 64 2.02052250 3
44 8 3 64 2.02052250 3
45 8 3 64 2.02052250 3
46 8 3 64 2.02052250 3
47 8 3 64 2.02052250 3
48 8 3 64 2.02052250 3
49 8 3 64 2.02052250 3
50 8 3 64 2.02052250 3
51 8 3 64 2.02052250 3
52 8 3 64 2.02052250 3
53 8 3 64 2.02052250 3
54 8 3 64 2.02052250 3
40 8 3 64 2.02057000 3
41 8 3 64 2.02057000 3
42 8 3 64 2.02057000 3
43 8 3 64 2.02057000 3
44 8 3 64 2.02057000 3
45 8 3 64 2.02057000 3
46 8 3 64 2.02057000 3
47 8 3 64 2.02057000 3
48 8 3 64 2.02057000 3
49 8 3 64 2.02057000 3
50 8 3 64 2.02057000 3
51 8 3 64 2.02057000 3
52 8 3 64 2.02057000 3
53 8 3 64 2.02057000 3
54 8 3 64 2.02057000 3
40 8 3 64 2.02061750 3
41 8 3 64 2.02061750 3
42 8 3 64 2.02061750 3
43 8 3 64 2.02061750 3
44 8 3 64 2.02061750 3
45 8 3 64 2.02061750 3
46 8 3 64 2.02061750 3
47 8 3 64 2.02061750 3
48 8 3 64 2.02061750 3
49 8 3 64 2.02061750 3
50 8 3 64 2.02061750 3
51 8 3 64 2.02061750 3
52 8 3 64 2.02061750 3
53 8 3 64 2.02061750 3
54 8 3 64 2.02061750 3
40 8 3 64 2.02066500 3
41 8 3 64 2.02066500 3
42 8 3 64 2.02066500 3
43 8 3 64 2.02066500 3
44 8 3 64 2.02066500 3
45 8 3 64 2.02066500 3
46 8 3 64 2.02066500 3
47 8 3 64 2.02066500 3
48 8 3 64 2.02066500 3
49 8 3 64 2.02066500 3
50 8 3 64 2.02066500 3
51 8 3 64 2.02066500 3
52 8 3 64 2.02066500 3
53 8 3 64 2.02066500 3
54 8 3 64 2.02066500 3
40 8 3 64 2.02071250 3
41 8 3 64 2.02071250 3
42 8 3 64 2.02071250 3
43 8 3 64 2.02071250 3
44 8 3 64 2.02071250 3
45 8 3 64 2.02071250 3
46 8 3 64 2.02071250 3
47 8 3 64 2.02071250 3
48 8 3 64 2.02071250 3
49 8 3 64 2.02071250 3
50 8 3 64 2.02071250 3
51 8 3 64 2.02071250 3
52 8 3 64 2.02071250 3
53 8 3 64 2.02071250 3
54 8 3 64 2.02071250 3
40 8 3 64 2.02076000 3
41 8 3 64 2.02076000 3
42 8 3 64 2.02076000 3
43 8 3 64 2.02076000 3
44 8 3 64 2.02076000 3
45 8 3 64 2.02076000 3
46 8 3 64 2.02076000 3
47 8 3 64 2.02076000 3
48 8 3 64 2.02076000 3
49 8 3 64 2.02076000 3
50 8 3 64 2.02076000 3
51 8 3 64 2.02076000 3
52 8 3 64 2.02076000 3
53 8 3 64 2.02076000 3
54 8 3 64 2.02076000 3
40 8 3 64 2.02080750 3
41 8 3 64 2.02080750 3
42 8 3 64 2.02080750 3
43 8 3 64 2.02080750 3
44 8 3 64 2.02080750 3
45 8 3 64 2.02080750 3
46 8 3 64 2.02080750 3
47 8 3 64 2.02080750 3
48 8 3 64 2.02080750 3
49 8 3 64 2.02080750 3
50 8 3 64 2.02080750 3
51 8 3 64 2.02080750 3
52 8 3 64 2.02080750 3
53 8 3 64 2.02080750 3
54 8 3 64 2.02080750 3
40 8 3 64 2.02085500 3
41 8 3 64 2.02085500 3
42 8 3 64 2.02085500 3
43 8 3 64 2.02085500 3
44 8 3 64 2.02085500 3
45 8 3 64 2.02085500 3
46 8 3 64 2.02085500 3
47 8 3 64 2.02085500 3
48 8 3 64 2.02085500 3
49 8 3 64 2.02085500 3
50 8 3 64 2.02085500 3
51 8 3 64 2.02085500 3
52 8 3 64 2.02085500 3
53 8 3 64 2.02085500 3
54 8 3 64 2.02085500 3
40 8 3 64 2.02090250 3
41 8 3 64 2.02090250 3
42 8 3 64 2.02090250 3
43 8 3 64 2.02090250 3
44 8 3 64 2.02090250 3
45 8 3 64 2.02090250 3
46 8 3 64 2.02090250 3
47 8 3 64 2.02090250 3
48 8 3 64 2.02090250 3
49 8 3 64 2.02090250 3
50 8 3 64 2.02090250 3
51 8 3 64 2.02090250 3
52 8 3 64 2.02090250 3
53 8 3 64 2.02090250 3
54 8 3 64 2.02090250 3
40 8 3 64 2.02095000 3
41 8 3 64 2.02095000 3
42 8 3 64 2.02095000 3
43 8 3 64 2.02095000 3
44 8 3 64 2.02095000 3
45 8 3 64 2.02095000 3
46 8 3 64 2.02095000 3
47 8 3 64 2.02095000 3
48 8 3 64 2.02095000 3
49 8 3 64 2.02095000 3
50 8 3 64 2.02095000 3
51 8 3 64 2.02095000 3
52 8 3 64 2.02095000 3
53 8 3 64 2.02095000 3
54 8 3 64 2.02095000 3
40 8 3 64 2.02099750 3
41 8 3 64 2.02099750 3
42 8 3 64 2.02099750 3
43 8 3 64 2.02099750 3
44 8 3 64 2.02099750 3
45 8 3 64 2.02099750 3
46 8 3 64 2.02099750 3
47 8 3 64 2.02099750 3
48 8 3 64 2.02099750 3
49 8 3 64 2.02099750 3
50 8 3 64 2.02099750 3
51 8 3 64 2.02099750 3
52 8 3 64 2.02099750 3
53 8 3 64 2.02099750 3
54 8 3 64 2.02099750 3
40 8 3 64 2.02104500 3
41 8 3 64 2.02104500 3
42 8 3 64 2.02104500 3
43 8 3 64 2.02104500 3
44 8 3 64 2.02104500 3
45 8 3 64 2.02104500 3
46 8 3 64 2.02104500 3
47 8 3 64 2.02104500 3
48 8 3 64 2.02104500 3
49 8 3 64 2.02104500 3
50 8 3 64 2.02104500 3
51 8 3 64 2.02104500 3
52 8 3 64 2.02104500 3
53 8 3 64 2.02104500 3
54 8 3 64 2.02104500 3
40 8 3 64 2.02109250 3
41 8 3 64 2.02109250 3
42 8 3 64 2.02109250 3
43 8 3 64 2.02109250 3
44 8 3 64 2.02109250 3
45 8 3 64 2.02109250 3
46 8 3 64 2.02109250 3
47 8 3 64 2.02109250 3
48 8 3 64 2.02109250 3
49 8 3 64 2.02109250 3
50 8 3 64 2.02109250 3
51 8 3 64 2.02109250 3
52 8 3 64 2.02109250 3
53 8 3 64 2.02109250 3
54 8 3 64 2.02109250 3
40 8 3 64 2.02114000 3
41 8 3 64 2.02114000 3
42 8 3 64 2.02114000 3
43 8 3 64 2.02114000 3
44 8 3 64 2.02114000 3
45 8 3 64 2.02114000 3
46 8 3 64 2.02114000 3
47 8 3 64 2.02114000 3
48 8 3 64 2.02114000 3
49 8 3 64 2.02114000 3
50 8 3 64 2.02114000 3
51 8 3 64 2.02114000 3
52 8 3 64 2.02114000 3
53 8 3 64 2.02114000 3
54 8 3 64 2.02114000 3
40 8 3 64 2.02118750 3
41 8 3 64 2.02118750 3
42 8 3 64 2.02118750 3
43 8 3 64 2.02118750 3
44 8 3 64 2.02118750 3
45 8 3 64 2.02118750 3
46 8 3 64 2.02118750 3
47 8 3 64 2.02118750 3
48 8 3 64 2.02118750 3
49 8 3 64 2.02118750 3
50 8 3 64 2.02118750 3
51 8 3 64 2.02118750 3
52 8 3 64 2.02118750 3
53 8 3 64 2.02118750 3
54 8 3 64 2.02118750 3
40 8 3 64 2.02123500 3
41 8 3 64 2.02123500 3
42 8 3 64 2.02123500 3
43 8 3 64 2.02123500 3
44 8 3 64 2.02123500 3
45 8 3 64 2.02123500 3
46 8 3 64 2.02123500 3
47 8 3 64 2.02123500 3
48 8 3 64 2.02123500 3
49 8 3 64 2.02123500 3
50 8 3 64 2.02123500 3
51 8 3 64 2.02123500 3
52 8 3 64 2.02123500 3
53 8 3 64 2.02123500 3
54 8 3 64 2.02123500 3
40 8 3 64 2.02128250 3
41 8 3 64 2.02128250 3
42 8 3 64 2.02128250 3
43 8 3 64 2.02128250 3
44 8 3 64 2.02128250 3
45 8 3 64 2.02128250 3
46 8 3 64 2.02128250 3
47 8 3 64 2.02128250 3
48 8 3 64 2.02128250 3
49 8 3 64 2.02128250 3
50 8 3 64 2.02128250 3
51 8 3 64 2.02128250 3
52 8 3 64 2.02128250 3
53 8 3 64 2.02128250 3
54 8 3 64 2.02128250 3
40 8 3 64 2.02133000 3
41 8 3 64 2.02133000 3
42 8 3 64 2.02133000 3
43 8 3 64 2.02133000 3
44 8 3 64 2.02133000 3
45 8 3 64 2.02133000 3
46 8 3 64 2.02133000 3
47 8 3 64 2.02133000 3
48 8 3 64 2.02133000 3
49 8 3 64 2.02133000 3
50 8 3 64 2.02133000 3
51 8 3 64 2.02133000 3
52 8 3 64 2.02133000 3
53 8 3 64 2.02133000 3
54 8 3 64 2.02133000 3
40 8 3 64 2.02137750 3
41 8 3 64 2.02137750 3
42 8 3 64 2.02137750 3
43 8 3 64 2.02137750 3
44 8 3 64 2.02137750 3
45 8 3 64 2.02137750 3
46 8 3 64 2.02137750 3
47 8 3 64 2.02137750 3
48 8 3 64 2.02137750 3
49 8 3 64 2.02137750 3
50 8 3 64 2.02137750 3
51 8 3 64 2.02137750 3
52 8 3 64 2.02137750 3
53 8 3 64 2.02137750 3
54 8 3 64 2.02137750 3
40 8 3 64 2.02142500 3
41 8 3 64 2.02142500 3
42 8 3 64 2.02142500 3
43 8 3 64 2.02142500 3
44 8 3 64 2.02142500 3
45 8 3 64 2.02142500 3
46 8 3 64 2.02142500 3
47 8 3 64 2.02142500 3
48 8 3 64 2.02142500 3
49 8 3 64 2.02142500 3
50 8 3 64 2.02142500 3
51 8 3 64 2.02142500 3
52 8 3 64 2.02142500 3
53 8 3 64 2.02142500 3
54 8 3 64 2.02142500 3
40 8 3 64 2.02147250 3
41 8 3 64 2.02147250 3
42 8 3 64 2.02147250 3
43 8 3 64 2.02147250 3
44 8 3 64 2.02147250 3
45 8 3 64 2.02147250 3
46 8 3 64 2.02147250 3
47 8 3 64 2.02147250 3
48 8 3 64 2.02147250 3
49 8 3 64 2.02147250 3
50 8 3 64 2.02147250 3
51 8 3 64 2.02147250 3
52 8 3 64 2.02147250 3
53 8 3 64 2.02147250 3
54 8 3 64 2.02147250 3
40 8 3 64 2.02152000 3
41 8 3 64 2.02152000 3
42 8 3 64 2.02152000 3
43 8 3 64 2.02152000 3
44 8 3 64 2.02152000 3
45 8 3 64 2.02152000 3
46 8 3 64 2.02152000 3
47 8 3 64 2.02152000 3
48 8 3 64 2.02152000 3
49 8 3 64 2.02152000 3
50 8 3 64 2.02152000 3
51 8 3 64 2.02152000 3
52 8 3 64 2.02152000 3
53 8 3 64 2.02152000 3
54 8 3 64 2.02152000 3
40 8 3 64 2.02156750 3
41 8 3 64 2.02156750 3
42 8 3 64 2.02156750 3
43 8 3 64 2.02156750 3
44 8 3 64 2.02156750 3
45 8 3 64 2.02156750 3
46 8 3 64 2.02156750 3
47 8 3 64 2.02156750 3
48 8 3 64 2.02156750 3
49 8 3 64 2.02156750 3
50 8 3 64 2.02156750 3
51 8 3 64 2.02156750 3
52 8 3 64 2.02156750 3
53 8 3 64 2.02156750 3
54 8 3 64 2.02156750 3
40 8 3 64 2.02161500 3
41 8 3 64 2.02161500 3
42 8 3 64 2.02161500 3
43 8 3 64 2.02161500 3
44 8 3 64 2.02161500 3
45 8 3 64 2.02161500 3
46 8 3 64 2.02161500 3
47 8 3 64 2.02161500 3
48 8 3 64 2.02161500 3
49 8 3 64 2.02161500 3
50 8 3 64 2.02161500 3
51 8 3 64 2.02161500 3
52 8 3 64 2.02161500 3
53 8 3 64 2.02161500 3
54 8 3 64 2.02161500 3
40 8 3 64 2.02166250 3
41 8 3 64 2.02166250 3
42 8 3 64 2.02166250 3
43 8 3 64 2.02166250 3
44 8 3 64 2.02166250 3
45 8 3 64 2.02166250 3
46 8 3 64 2.02166250 3
47 8 3 64 2.02166250 3
48 8 3 64 2.02166250 3
49 8 3 64 2.02166250 3
50 8 3 64 2.02166250 3
51 8 3 64 2.02166250 3
52 8 3 64 2.02166250 3
53 8 3 64 2.02166250 3
54 8 3 64 2.02166250 3
40 8 3 64 2.02171000 3
41 8 3 64 2.02171000 3
42 8 3 64 2.02171000 3
43 8 3 64 2.02171000 3
44 8 3 64 2.02171000 3
45 8 3 64 2.02171000 3
46 8 3 64 2.02171000 3
47 8 3 64 2.02171000 3
48 8 3 64 2.02171000 3
49 8 3 64 2.02171000 3
50 8 3 64 2.02171000 3
51 8 3 64 2.02171000 3
52 8 3 64 2.02171000 3
53 8 3 64 2.02171000 3
54 8 3 64 2.02171000 3
40 8 3 64 2.02175750 3
41 8 3 64 2.02175750 3
42 8 3 64 2.02175750 3
43 8 3 64 2.02175750 3
44 8 3 64 2.02175750 3
45 8 3 64 2.02175750 3
46 8 3 64 2.02175750 3
47 8 3 64 2.02175750 3
48 8 3 64 2.02175750 3
49 8 3 64 2.02175750 3
50 8 3 64 2.02175750 3
51 8 3 64 2.02175750 3
52 8 3 64 2.02175750 3
53 8 3 64 2.02175750 3
54 8 3 64 2.02175750 3
40 8 3 64 2.02180500 3
41 8 3 64 2.02180500 3
42 8 3 64 2.02180500 3
43 8 3 64 2.02180500 3
44 8 3 64 2.02180500 3
45 8 3 64 2.02180500 3
46 8 3 64 2.02180500 3
47 8 3 64 2.02180500 3
48 8 3 64 2.02180500 3
49 8 3 64 2.02180500 3
50 8 3 64 2.02180500 3
51 8 3 64 2.02180500 3
52 8 3 64 2.02180500 3
53 8 3 64 2.02180500 3
54 8 3 64 2.02180500 3
40 8 3 64 2.02185250 3
41 8 3 64 2.02185250 3
42 8 3 64 2.02185250 3
43 8 3 64 2.02185250 3
44 8 3 64 2.02185250 3
45 8 3 64 2.02185250 3
46 8 3 64 2.02185250 3
47 8 3 64 2.02185250 3
48 8 3 64 2.02185250 3
49 8 3 64 2.02185250 3
50 8 3 64 2.02185250 3
51 8 3 64 2.02185250 3
52 8 3 64 2.02185250 3
53 8 3 64 2.02185250 3
54 8 3 64 2.02185250 3
40 8 3 64 2.02190000 3
41 8 3 64 2.02190000 3
42 8 3 64 2.02190000 3
43 8 3 64 2.02190000 3
44 8 3 64 2.02190000 3
45 8 3 64 2.02190000 3
46 8 3 64 2.02190000 3
47 8 3 64 2.02190000 3
48 8 3 64 2.02190000 3
49 8 3 64 2.02190000 3
50 8 3 64 2.02190000 3
51 8 3 64 2.02190000 3
52 8 3 64 2.02190000 3
53 8 3 64 2.02190000 3
54 8 3 64 2.02190000 3
40 8 3 64 2.02194750 3
41 8 3 64 2.02194750 3
42 8 3 64 2.02194750 3
43 8 3 64 2.02194750 3
44 8 3 64 2.02194750 3
45 8 3 64 2.02194750 3
46 8 3 64 2.02194750 3
47 8 3 64 2.02194750 3
48 8 3 64 2.02194750 3
49 8 3 64 2.02194750 3
50 8 3 64 2.02194750 3
51 8 3 64 2.02194750 3
52 8 3 64 2.02194750 3
53 8 3 64 2.02194750 3
54 8 3 64 2.02194750 3
40 8 3 64 2.02199500 3
41 8 3 64 2.02199500 3
42 8 3 64 2.02199500 3
43 8 3 64 2.02199500 3
44 8 3 64 2.02199500 3
45 8 3 64 2.02199500 3
46 8 3 64 2.02199500 3
47 8 3 64 2.02199500 3
48 8 3 64 2.02199500 3
49 8 3 64 2.02199500 3
50 8 3 64 2.02199500 3
51 8 3 64 2.02199500 3
52 8 3 64 2.02199500 3
53 8 3 64 2.02199500 3
54 8 3 64 2.02199500 3
40 8 3 64 2.02204250 3
41 8 3 64 2.02204250 3
42 8 3 64 2.02204250 3
43 8 3 64 2.02204250 3
44 8 3 64 2.02204250 3
45 8 3 64 2.02204250 3
46 8 3 64 2.02204250 3
47 8 3 64 2.02204250 3
48 8 3 64 2.02204250 3
49 8 3 64 2.02204250 3
50 8 3 64 2.02204250 3
51 8 3 64 2.02204250 3
52 8 3 64 2.02204250 3
53 8 3 64 2.02204250 3
54 8 3 64 2.02204250 3
40 8 3 64 2.02209000 3
41 8 3 64 2.02209000 3
42 8 3 64 2.02209000 3
43 8 3 64 2.02209000 3
44 8 3 64 2.02209000 3
45 8 3 64 2.02209000 3
46 8 3 64 2.02209000 3
47 8 3 64 2.02209000 3
48 8 3 64 2.02209000 3
49 8 3 64 2.02209000 3
50 8 3 64 2.02209000 3
51 8 3 64 2.02209000 3
52 8 3 64 2.02209000 3
53 8 3 64 2.02209000 3
54 8 3 64 2.02209000 3
40 8 3 64 2.02213750 3
41 8 3 64 2.02213750 3
42 8 3 64 2.02213750 3
43 8 3 64 2.02213750 3
44 8 3 64 2.02213750 3
45 8 3 64 2.02213750 3
46 8 3 64 2.02213750 3
47 8 3 64 2.02213750 3
48 8 3 64 2.02213750 3
49 8 3 64 2.02213750 3
50 8 3 64 2.02213750 3
51 8 3 64 2.02213750 3
52 8 3 64 2.02213750 3
53 8 3 64 2.02213750 3
54 8 3 64 2.02213750 3
40 8 3 64 2.02218500 3
41 8 3 64 2.02218500 3
42 8 3 64 2.02218500 3
43 8 3 64 2.02218500 3
44 8 3 64 2.02218500 3
45 8 3 64 2.02218500 3
46 8 3 64 2.02218500 3
47 8 3 64 2.02218500 3
48 8 3 64 2.02218500 3
49 8 3 64 2.02218500 3
50 8 3 64 2.02218500 3
51 8 3 64 2.02218500 3
52 8 3 64 2.02218500 3
53 8 3 64 2.02218500 3
54 8 3 64 2.02218500 3
40 8 3 64 2.02223250 3
41 8 3 64 2.02223250 3
42 8 3 64 2.02223250 3
43 8 3 64 2.02223250 3
44 8 3 64 2.02223250 3
45 8 3 64 2.02223250 3
46 8 3 64 2.02223250 3
47 8 3 64 2.02223250 3
48 8 3 64 2.02223250 3
49 8 3 64 2.02223250 3
50 8 3 64 2.02223250 3
51 8 3 64 2.02223250 3
52 8 3 64 2.02223250 3
53 8 3 64 2.02223250 3
54 8 3 64 2.02223250 3
40 8 3 64 2.02228000 3
41 8 3 64 2.02228000 3
42 8 3 64 2.02228000 3
43 8 3 64 2.02228000 3
44 8 3 64 2.02228000 3
45 8 3 64 2.02228000 3
46 8 3 64 2.02228000 3
47 8 3 64 2.02228000 3
48 8 3 64 2.02228000 3
49 8 3 64 2.02228000 3
50 8 3 64 2.02228000 3
51 8 3 64 2.02228000 3
52 8 3 64 2.02228000 3
53 8 3 64 2.02228000 3
54 8 3 64 2.02228000 3
40 8 3 64 2.02232750 3
41 8 3 64 2.02232750 3
42 8 3 64 2.02232750 3
43 8 3 64 2.02232750 3
44 8 3 64 2.02232750 3
45 8 3 64 2.02232750 3
46 8 3 64 2.02232750 3
47 8 3 64 2.02232750 3
48 8 3 64 2.02232750 3
49 8 3 64 2.02232750 3
50 8 3 64 2.02232750 3
51 8 3 64 2.02232750 3
52 8 3 64 2.02232750 3
53 8 3 64 2.02232750 3
54 8 3 64 2.02232750 3
40 8 3 64 2.02237500 3
41 8 3 64 2.02237500 3
42 8 3 64 2.02237500 3
43 8 3 64 2.02237500 3
44 8 3 64 2.02237500 3
45 8 3 64 2.02237500 3
46 8 3 64 2.02237500 3
47 8 3 64 2.02237500 3
48 8 3 64 2.02237500 3
49 8 3 64 2.02237500 3
50 8 3 64 2.02237500 3
51 8 3 64 2.02237500 3
52 8 3 64 2.02237500 3
53 8 3 64 2.02237500 3
54 8 3 64 2.02237500 3
40 8 3 64 2.02242250 3
41 8 3 64 2.02242250 3
42 8 3 64 2.02242250 3
43 8 3 64 2.02242250 3
44 8 3 64 2.02242250 3
45 8 3 64 2.02242250 3
46 8 3 64 2.02242250 3
47 8 3 64 2.02242250 3
48 8 3 64 2.02242250 3
49 8 3 64 2.02242250 3
50 8 3 64 2.02242250 3
51 8 3 64 2.02242250 3
52 8 3 64 2.02242250 3
53 8 3 64 2.02242250 3
54 8 3 64 2.02242250 3
40 8 3 64 2.02247000 3
41 8 3 64 2.02247000 3
42 8 3 64 2.02247000 3
43 8 3 64 2.02247000 3
44 8 3 64 2.02247000 3
45 8 3 64 2.02247000 3
46 8 3 64 2.02247000 3
47 8 3 64 2.02247000 3
48 8 3 64 2.02247000 3
49 8 3 64 2.02247000 3
50 8 3 64 2.02247000 3
51 8 3 64 2.02247000 3
52 8 3 64 2.02247000 3
53 8 3 64 2.02247000 3
54 8 3 64 2.02247000 3
40 8 3 64 2.02251750 3
41 8 3 64 2.02251750 3
42 8 3 64 2.02251750 3
43 8 3 64 2.02251750 3
44 8 3 64 2.02251750 3
45 8 3 64 2.02251750 3
46 8 3 64 2.02251750 3
47 8 3 64 2.02251750 3
48 8 3 64 2.02251750 3
49 8 3 64 2.02251750 3
50 8 3 64 2.02251750 3
51 8 3 64 2.02251750 3
52 8 3 64 2.02251750 3
53 8 3 64 2.02251750 3
54 8 3 64 2.02251750 3
40 8 3 64 2.02256500 3
41 8 3 64 2.02256500 3
42 8 3 64 2.02256500 3
43 8 3 64 2.02256500 3
44 8 3 64 2.02256500 3
45 8 3 64 2.02256500 3
46 8 3 64 2.02256500 3
47 8 3 64 2.02256500 3
48 8 3 64 2.02256500 3
49 8 3 64 2.02256500 3
50 8 3 64 2.02256500 3
51 8 3 64 2.02256500 3
52 8 3 64 2.02256500 3
53 8 3 64 2.02256500 3
54 8 3 64 2.02256500 3
40 8 3 64 2.02261250 3
41 8 3 64 2.02261250 3
42 8 3 64 2.02261250 3
43 8 3 64 2.02261250 3
44 8 3 64 2.02261250 3
45 8 3 64 2.02261250 3
46 8 3 64 2.02261250 3
47 8 3 64 2.02261250 3
48 8 3 64 2.02261250 3
49 8 3 64 2.02261250 3
50 8 3 64 2.02261250 3
51 8 3 64 2.02261250 3
52 8 3 64 2.02261250 3
53 8 3 64 2.02261250 3
54 8 3 64 2.02261250 3
40 8 3 64 2.02266000 3
41 8 3 64 2.02266000 3
42 8 3 64 2.02266000 3
43 8 3 64 2.02266000 3
44 8 3 64 2.02266000 3
45 8 3 64 2.02266000 3
46 8 3 64 2.02266000 3
47 8 3 64 2.02266000 3
48 8 3 64 2.02266000 3
49 8 3 64 2.02266000 3
50 8 3 64 2.02266000 3
51 8 3 64 2.02266000 3
52 8 3 64 2.02266000 3
53 8 3 64 2.02266000 3
54 8 3 64 2.02266000 3
40 8 3 64 2.02270750 3
41 8 3 64 2.02270750 3
42 8 3 64 2.02270750 3
43 8 3 64 2.02270750 3
44 8 3 64 2.02270750 3
45 8 3 64 2.02270750 3
46 8 3 64 2.02270750 3
47 8 3 64 2.02270750 3
48 8 3 64 2.02270750 3
49 8 3 64 2.02270750 3
50 8 3 64 2.02270750 3
51 8 3 64 2.02270750 3
52 8 3 64 2.02270750 3
53 8 3 64 2.02270750 3
54 8 3 64 2.02270750 3
40 8 3 64 2.02275500 3
41 8 3 64 2.02275500 3
42 8 3 64 2.02275500 3
43 8 3 64 2.02275500 3
44 8 3 64 2.02275500 3
45 8 3 64 2.02275500 3
46 8 3 64 2.02275500 3
47 8 3 64 2.02275500 3
48 8 3 64 2.02275500 3
49 8 3 64 2.02275500 3
50 8 3 64 2.02275500 3
51 8 3 64 2.02275500 3
52 8 3 64 2.02275500 3
53 8 3 64 2.02275500 3
54 8 3 64 2.02275500 3
40 8 3 64 2.02280250 3
41 8 3 64 2.02280250 3
42 8 3 64 2.02280250 3
43 8 3 64 2.02280250 3
44 8 3 64 2.02280250 3
45 8 3 64 2.02280250 3
46 8 3 64 2.02280250 3
47 8 3 64 2.02280250 3
48 8 3 64 2.02280250 3
49 8 3 64 2.02280250 3
50 8 3 64 2.02280250 3
51 8 3 64 2.02280250 3
52 8 3 64 2.02280250 3
53 8 3 64 2.02280250 3
54 8 3 64 2.02280250 3
40 8 3 64 2.02285000 3
41 8 3 64 2.02285000 3
42 8 3 64 2.02285000 3
43 8 3 64 2.02285000 3
44 8 3 64 2.02285000 3
45 8 3 64 2.02285000 3
46 8 3 64 2.02285000 3
47 8 3 64 2.02285000 3
48 8 3 64 2.02285000 3
49 8 3 64 2.02285000 3
50 8 3 64 2.02285000 3
51 8 3 64 2.02285000 3
52 8 3 64 2.02285000 3
53 8 3 64 2.02285000 3
54 8 3 64 2.02285000 3
40 8 3 64 2.02289750 3
41 8 3 64 2.02289750 3
42 8 3 64 2.02289750 3
43 8 3 64 2.02289750 3
44 8 3 64 2.02289750 3
45 8 3 64 2.02289750 3
46 8 3 64 2.02289750 3
47 8 3 64 2.02289750 3
48 8 3 64 2.02289750 3
49 8 3 64 2.02289750 3
50 8 3 64 2.02289750 3
51 8 3 64 2.02289750 3
52 8 3 64 2.02289750 3
53 8 3 64 2.02289750 3
54 8 3 64 2.02289750 3
40 8 3 64 2.02294500 3
41 8 3 64 2.02294500 3
42 8 3 64 2.02294500 3
43 8 3 64 2.02294500 3
44 8 3 64 2.02294500 3
45 8 3 64 2.02294500 3
46 8 3 64 2.02294500 3
47 8 3 64 2.02294500 3
48 8 3 64 2.02294500 3
49 8 3 64 2.02294500 3
50 8 3 64 2.02294500 3
51 8 3 64 2.02294500 3
52 8 3 64 2.02294500 3
53 8 3 64 2.02294500 3
54 8 3 64 2.02294500 3
40 8 3 64 2.02299250 3
41 8 3 64 2.02299250 3
42 8 3 64 2.02299250 3
43 8 3 64 2.02299250 3
44 8 3 64 2.02299250 3
45 8 3 64 2.02299250 3
46 8 3 64 2.02299250 3
47 8 3 64 2.02299250 3
48 8 3 64 2.02299250 3
49 8 3 64 2.02299250 3
50 8 3 64 2.02299250 3
51 8 3 64 2.02299250 3
52 8 3 64 2.02299250 3
53 8 3 64 2.02299250 3
54 8 3 64 2.02299250 3
40 8 3 64 2.02304000 3
41 8 3 64 2.02304000 3
42 8 3 64 2.02304000 3
43 8 3 64 2.02304000 3
44 8 3 64 2.02304000 3
45 8 3 64 2.02304000 3
46 8 3 64 2.02304000 3
47 8 3 64 2.02304000 3
48 8 3 64 2.02304000 3
49 8 3 64 2.02304000 3
50 8 3 64 2.02304000 3
51 8 3 64 2.02304000 3
52 8 3 64 2.02304000 3
53 8 3 64 2.02304000 3
54 8 3 64 2.02304000 3
40 8 3 64 2.02308750 3
41 8 3 64 2.02308750 3
42 8 3 64 2.02308750 3
43 8 3 64 2.02308750 3
44 8 3 64 2.02308750 3
45 8 3 64 2.02308750 3
46 8 3 64 2.02308750 3
47 8 3 64 2.02308750 3
48 8 3 64 2.02308750 3
49 8 3 64 2.02308750 3
50 8 3 64 2.02308750 3
51 8 3 64 2.02308750 3
52 8 3 64 2.02308750 3
53 8 3 64 2.02308750 3
54 8 3 64 2.02308750 3
40 8 3 64 2.02313500 3
41 8 3 64 2.02313500 3
42 8 3 64 2.02313500 3
43 8 3 64 2.02313500 3
44 8 3 64 2.02313500 3
45 8 3 64 2.02313500 3
46 8 3 64 2.02313500 3
47 8 3 64 2.02313500 3
48 8 3 64 2.02313500 3
49 8 3 64 2.02313500 3
50 8 3 64 2.02313500 3
51 8 3 64 2.02313500 3
52 8 3 64 2.02313500 3
53 8 3 64 2.02313500 3
54 8 3 64 2.02313500 3
40 8 3 64 2.02318250 3
41 8 3 64 2.02318250 3
42 8 3 64 2.02318250 3
43 8 3 64 2.02318250 3
44 8 3 64 2.02318250 3
45 8 3 64 2.02318250 3
46 8 3 64 2.02318250 3
47 8 3 64 2.02318250 3
48 8 3 64 2.02318250 3
49 8 3 64 2.02318250 3
50 8 3 64 2.02318250 3
51 8 3 64 2.02318250 3
52 8 3 64 2.02318250 3
53 8 3 64 2.02318250 3
54 8 3 64 2.02318250 3
40 8 3 64 2.02323000 3
41 8 3 64 2.02323000 3
42 8 3 64 2.02323000 3
43 8 3 64 2.02323000 3
44 8 3 64 2.02323000 3
45 8 3 64 2.02323000 3
46 8 3 64 2.02323000 3
47 8 3 64 2.02323000 3
48 8 3 64 2.02323000 3
49 8 3 64 2.02323000 3
50 8 3 64 2.02323000 3
51 8 3 64 2.02323000 3
52 8 3 64 2.02323000 3
53 8 3 64 2.02323000 3
54 8 3 64 2.02323000 3
40 8 3 64 2.02327750 3
41 8 3 64 2.02327750 3
42 8 3 64 2.02327750 3
43 8 3 64 2.02327750 3
44 8 3 64 2.02327750 3
45 8 3 64 2.02327750 3
46 8 3 64 2.02327750 3
47 8 3 64 2.02327750 3
48 8 3 64 2.02327750 3
49 8 3 64 2.02327750 3
50 8 3 64 2.02327750 3
51 8 3 64 2.02327750 3
52 8 3 64 2.02327750 3
53 8 3 64 2.02327750 3
54 8 3 64 2.02327750 3
40 8 3 64 2.02332500 3
41 8 3 64 2.02332500 3
42 8 3 64 2.02332500 3
43 8 3 64 2.02332500 3
44 8 3 64 2.02332500 3
45 8 3 64 2.02332500 3
46 8 3 64 2.02332500 3
47 8 3 64 2.02332500 3
48 8 3 64 2.02332500 3
49 8 3 64 2.02332500 3
50 8 3 64 2.02332500 3
51 8 3 64 2.02332500 3
52 8 3 64 2.02332500 3
53 8 3 64 2.02332500 3
54 8 3 64 2.02332500 3
40 8 3 64 2.02337250 3
41 8 3 64 2.02337250 3
42 8 3 64 2.02337250 3
43 8 3 64 2.02337250 3
44 8 3 64 2.02337250 3
45 8 3 64 2.02337250 3
46 8 3 64 2.02337250 3
47 8 3 64 2.02337250 3
48 8 3 64 2.02337250 3
49 8 3 64 2.02337250 3
50 8 3 64 2.02337250 3
51 8 3 64 2.02337250 3
52 8 3 64 2.02337250 3
53 8 3 64 2.02337250 3
54 8 3 64 2.02337250 3
40 8 3 64 2.02342000 3
41 8 3 64 2.02342000 3
42 8 3 64 2.02342000 3
43 8 3 64 2.02342000 3
44 8 3 64 2.02342000 3
45 8 3 64 2.02342000 3
46 8 3 64 2.02342000 3
47 8 3 64 2.02342000 3
48 8 3 64 2.02342000 3
49 8 3 64 2.02342000 3
50 8 3 64 2.02342000 3
51 8 3 64 2.02342000 3
52 8 3 64 2.02342000 3
53 8 3 64 2.02342000 3
54 8 3 64 2.02342000 3
40 8 3 64 2.02346750 3
41 8 3 64 2.02346750 3
42 8 3 64 2.02346750 3
43 8 3 64 2.02346750 3
44 8 3 64 2.02346750 3
45 8 3 64 2.02346750 3
46 8 3 64 2.02346750 3
47 8 3 64 2.02346750 3
48 8 3 64 2.02346750 3
49 8 3 64 2.02346750 3
50 8 3 64 2.02346750 3
51 8 3 64 2.02346750 3
52 8 3 64 2.02346750 3
53 8 3 64 2.02346750 3
54 8 3 64 2.02346750 3
40 8 3 64 2.02351500 3
41 8 3 64 2.02351500 3
42 8 3 64 2.02351500 3
43 8 3 64 2.02351500 3
44 8 3 64 2.02351500 3
45 8 3 64 2.02351500 3
46 8 3 64 2.02351500 3
47 8 3 64 2.02351500 3
48 8 3 64 2.02351500 3
49 8 3 64 2.02351500 3
50 8 3 64 2.02351500 3
51 8 3 64 2.02351500 3
52 8 3 64 2.02351500 3
53 8 3 64 2.02351500 3
54 8 3 64 2.02351500 3
40 8 3 64 2.02356250 3
41 8 3 64 2.02356250 3
42 8 3 64 2.02356250 3
43 8 3 64 2.02356250 3
44 8 3 64 2.02356250 3
45 8 3 64 2.02356250 3
46 8 3 64 2.02356250 3
47 8 3 64 2.02356250 3
48 8 3 64 2.02356250 3
49 8 3 64 2.02356250 3
50 8 3 64 2.02356250 3
51 8 3 64 2.02356250 3
52 8 3 64 2.02356250 3
53 8 3 64 2.02356250 3
54 8 3 64 2.02356250 3
40 8 3 64 2.02361000 3
41 8 3 64 2.02361000 3
42 8 3 64 2.02361000 3
43 8 3 64 2.02361000 3
44 8 3 64 2.02361000 3
45 8 3 64 2.02361000 3
46 8 3 64 2.02361000 3
47 8 3 64 2.02361000 3
48 8 3 64 2.02361000 3
49 8 3 64 2.02361000 3
50 8 3 64 2.02361000 3
51 8 3 64 2.02361000 3
52 8 3 64 2.02361000 3
53 8 3 64 2.02361000 3
54 8 3 64 2.02361000 3
40 8 3 64 2.02365750 3
41 8 3 64 2.02365750 3
42 8 3 64 2.02365750 3
43 8 3 64 2.02365750 3
44 8 3 64 2.02365750 3
45 8 3 64 2.02365750 3
46 8 3 64 2.02365750 3
47 8 3 64 2.02365750 3
48 8 3 64 2.02365750 3
49 8 3 64 2.02365750 3
50 8 3 64 2.02365750 3
51 8 3 64 2.02365750 3
52 8 3 64 2.02365750 3
53 8 3 64 2.02365750 3
54 8 3 64 2.02365750 3
40 8 3 64 2.02370500 3
41 8 3 64 2.02370500 3
42 8 3 64 2.02370500 3
43 8 3 64 2.02370500 3
44 8 3 64 2.02370500 3
45 8 3 64 2.02370500 3
46 8 3 64 2.02370500 3
47 8 3 64 2.02370500 3
48 8 3 64 2.02370500 3
49 8 3 64 2.02370500 3
50 8 3 64 2.02370500 3
51 8 3 64 2.02370500 3
52 8 3 64 2.02370500 3
53 8 3 64 2.02370500 3
54 8 3 64 2.02370500 3
40 8 3 64 2.02375250 3
41 8 3 64 2.02375250 3
42 8 3 64 2.02375250 3
43 8 3 64 2.02375250 3
44 8 3 64 2.02375250 3
45 8 3 64 2.02375250 3
46 8 3 64 2.02375250 3
47 8 3 64 2.02375250 3
48 8 3 64 2.02375250 3
49 8 3 64 2.02375250 3
50 8 3 64 2.02375250 3
51 8 3 64 2.02375250 3
52 8 3 64 2.02375250 3
53 8 3 64 2.02375250 3
54 8 3 64 2.02375250 3
40 8 3 64 2.02380000 3
41 8 3 64 2.02380000 3
42 8 3 64 2.02380000 3
43 8 3 64 2.02380000 3
44 8 3 64 2.02380000 3
45 8 3 64 2.02380000 3
46 8 3 64 2.02380000 3
47 8 3 64 2.02380000 3
48 8 3 64 2.02380000 3
49 8 3 64 2.02380000 3
50 8 3 64 2.02380000 3
51 8 3 64 2.02380000 3
52 8 3 64 2.02380000 3
53 8 3 64 2.02380000 3
54 8 3 64 2.02380000 3
40 8 3 64 2.02384750 3
41 8 3 64 2.02384750 3
42 8 3 64 2.02384750 3
43 8 3 64 2.02384750 3
44 8 3 64 2.02384750 3
45 8 3 64 2.02384750 3
46 8 3 64 2.02384750 3
47 8 3 64 2.02384750 3
48 8 3 64 2.02384750 3
49 8 3 64 2.02384750 3
50 8 3 64 2.02384750 3
51 8 3 64 2.02384750 3
52 8 3 64 2.02384750 3
53 8 3 64 2.02384750 3
54 8 3 64 2.02384750 3
40 8 3 64 2.02389500 3
41 8 3 64 2.02389500 3
42 8 3 64 2.02389500 3
43 8 3 64 2.02389500 3
44 8 3 64 2.02389500 3
45 8 3 64 2.02389500 3
46 8 3 64 2.02389500 3
47 8 3 64 2.02389500 3
48 8 3 64 2.02389500 3
49 8 3 64 2.02389500 3
50 8 3 64 2.02389500 3
51 8 3 64 2.02389500 3
52 8 3 64 2.02389500 3
53 8 3 64 2.02389500 3
54 8 3 64 2.02389500 3
40 8 3 64 2.02394250 3
41 8 3 64 2.02394250 3
42 8 3 64 2.02394250 3
43 8 3 64 2.02394250 3
44 8 3 64 2.02394250 3
45 8 3 64 2.02394250 3
46 8 3 64 2.02394250 3
47 8 3 64 2.02394250 3
48 8 3 64 2.02394250 3
49 8 3 64 2.02394250 3
50 8 3 64 2.02394250 3
51 8 3 64 2.02394250 3
52 8 3 64 2.02394250 3
53 8 3 64 2.02394250 3
54 8 3 64 2.02394250 3
40 8 3 64 2.02399000 3
41 8 3 64 2.02399000 3
42 8 3 64 2.02399000 3
43 8 3 64 2.02399000 3
44 8 3 64 2.02399000 3
45 8 3 64 2.02399000 3
46 8 3 64 2.02399000 3
47 8 3 64 2.02399000 3
48 8 3 64 2.02399000 3
49 8 3 64 2.02399000 3
50 8 3 64 2.02399000 3
51 8 3 64 2.02399000 3
52 8 3 64 2.02399000 3
53 8 3 64 2.02399000 3
54 8 3 64 2.02399000 3
40 8 3 64 2.02403750 3
41 8 3 64 2.02403750 3
42 8 3 64 2.02403750 3
43 8 3 64 2.02403750 3
44 8 3 64 2.02403750 3
45 8 3 64 2.02403750 3
46 8 3 64 2.02403750 3
47 8 3 64 2.02403750 3
48 8 3 64 2.02403750 3
49 8 3 64 2.02403750 3
50 8 3 64 2.02403750 3
51 8 3 64 2.02403750 3
52 8 3 64 2.02403750 3
53 8 3 64 2.02403750 3
54 8 3 64 2.02403750 3
40 8 3 64 2.02408500 3
41 8 3 64 2.02408500 3
42 8 3 64 2.02408500 3
43 8 3 64 2.02408500 3
44 8 3 64 2.02408500 3
45 8 3 64 2.02408500 3
46 8 3 64 2.02408500 3
47 8 3 64 2.02408500 3
48 8 3 64 2.02408500 3
49 8 3 64 2.02408500 3
50 8 3 64 2.02408500 3
51 8 3 64 2.02408500 3
52 8 3 64 2.02408500 3
53 8 3 64 2.02408500 3
54 8 3 64 2.02408500 3
40 8 3 64 2.02413250 3
41 8 3 64 2.02413250 3
42 8 3 64 2.02413250 3
43 8 3 64 2.02413250 3
44 8 3 64 2.02413250 3
45 8 3 64 2.02413250 3
46 8 3 64 2.02413250 3
47 8 3 64 2.02413250 3
48 8 3 64 2.02413250 3
49 8 3 64 2.02413250 3
50 8 3 64 2.02413250 3
51 8 3 64 2.02413250 3
52 8 3 64 2.02413250 3
53 8 3 64 2.02413250 3
54 8 3 64 2.02413250 3
40 8 3 64 2.02418000 3
41 8 3 64 2.02418000 3
42 8 3 64 2.02418000 3
43 8 3 64 2.02418000 3
44 8 3 64 2.02418000 3
45 8 3 64 2.02418000 3
46 8 3 64 2.02418000 3
47 8 3 64 2.02418000 3
48 8 3 64 2.02418000 3
49 8 3 64 2.02418000 3
50 8 3 64 2.02418000 3
51 8 3 64 2.02418000 3
52 8 3 64 2.02418000 3
53 8 3 64 2.02418000 3
54 8 3 64 2.02418000 3
40 8 3 64 2.02422750 3
41 8 3 64 2.02422750 3
42 8 3 64 2.02422750 3
43 8 3 64 2.02422750 3
44 8 3 64 2.02422750 3
45 8 3 64 2.02422750 3
46 8 3 64 2.02422750 3
47 8 3 64 2.02422750 3
48 8 3 64 2.02422750 3
49 8 3 64 2.02422750 3
50 8 3 64 2.02422750 3
51 8 3 64 2.02422750 3
52 8 3 64 2.02422750 3
53 8 3 64 2.02422750 3
54 8 3 64 2.02422750 3
40 8 3 64 2.02427500 3
41 8 3 64 2.02427500 3
42 8 3 64 2.02427500 3
43 8 3 64 2.02427500 3
44 8 3 64 2.02427500 3
45 8 3 64 2.02427500 3
46 8 3 64 2.02427500 3
47 8 3 64 2.02427500 3
48 8 3 64 2.02427500 3
49 8 3 64 2.02427500 3
50 8 3 64 2.02427500 3
51 8 3 64 2.02427500 3
52 8 3 64 2.02427500 3
53 8 3 64 2.02427500 3
54 8 3 64 2.02427500 3
40 8 3 64 2.02432250 3
41 8 3 64 2.02432250 3
42 8 3 64 2.02432250 3
43 8 3 64 2.02432250 3
44 8 3 64 2.02432250 3
45 8 3 64 2.02432250 3
46 8 3 64 2.02432250 3
47 8 3 64 2.02432250 3
48 8 3 64 2.02432250 3
49 8 3 64 2.02432250 3
50 8 3 64 2.02432250 3
51 8 3 64 2.02432250 3
52 8 3 64 2.02432250 3
53 8 3 64 2.02432250 3
54 8 3 64 2.02432250 3
40 8 3 64 2.02437000 3
41 8 3 64 2.02437000 3
42 8 3 64 2.02437000 3
43 8 3 64 2.02437000 3
44 8 3 64 2.02437000 3
45 8 3 64 2.02437000 3
46 8 3 64 2.02437000 3
47 8 3 64 2.02437000 3
48 8 3 64 2.02437000 3
49 8 3 64 2.02437000 3
50 8 3 64 2.02437000 3
51 8 3 64 2.02437000 3
52 8 3 64 2.02437000 3
53 8 3 64 2.02437000 3
54 8 3 64 2.02437000 3
40 8 3 64 2.02441750 3
41 8 3 64 2.02441750 3
42 8 3 64 2.02441750 3
43 8 3 64 2.02441750 3
44 8 3 64 2.02441750 3
45 8 3 64 2.02441750 3
46 8 3 64 2.02441750 3
47 8 3 64 2.02441750 3
48 8 3 64 2.02441750 3
49 8 3 64 2.02441750 3
50 8 3 64 2.02441750 3
51 8 3 64 2.02441750 3
52 8 3 64 2.02441750 3
53 8 3 64 2.02441750 3
54 8 3 64 2.02441750 3
40 8 3 64 2.02446500 3
41 8 3 64 2.02446500 3
42 8 3 64 2.02446500 3
43 8 3 64 2.02446500 3
44 8 3 64 2.02446500 3
45 8 3 64 2.02446500 3
46 8 3 64 2.02446500 3
47 8 3 64 2.02446500 3
48 8 3 64 2.02446500 3
49 8 3 64 2.02446500 3
50 8 3 64 2.02446500 3
51 8 3 64 2.02446500 3
52 8 3 64 2.02446500 3
53 8 3 64 2.02446500 3
54 8 3 64 2.02446500 3
40 8 3 64 2.02451250 3
41 8 3 64 2.02451250 3
42 8 3 64 2.02451250 3
43 8 3 64 2.02451250 3
44 8 3 64 2.02451250 3
45 8 3 64 2.02451250 3
46 8 3 64 2.02451250 3
47 8 3 64 2.02451250 3
48 8 3 64 2.02451250 3
49 8 3 64 2.02451250 3
50 8 3 64 2.02451250 3
51 8 3 64 2.02451250 3
52 8 3 64 2.02451250 3
53 8 3 64 2.02451250 3
54 8 3 64 2.02451250 3
40 8 3 64 2.02456000 3
41 8 3 64 2.02456000 3
42 8 3 64 2.02456000 3
43 8 3 64 2.02456000 3
44 8 3 64 2.02456000 3
45 8 3 64 2.02456000 3
46 8 3 64 2.02456000 3
47 8 3 64 2.02456000 3
48 8 3 64 2.02456000 3
49 8 3 64 2.02456000 3
50 8 3 64 2.02456000 3
51 8 3 64 2.02456000 3
52 8 3 64 2.02456000 3
53 8 3 64 2.02456000 3
54 8 3 64 2.02456000 3
40 8 3 64 2.02460750 3
41 8 3 64 2.02460750 3
42 8 3 64 2.02460750 3
43 8 3 64 2.02460750 3
44 8 3 64 2.02460750 3
45 8 3 64 2.02460750 3
46 8 3 64 2.02460750 3
47 8 3 64 2.02460750 3
48 8 3 64 2.02460750 3
49 8 3 64 2.02460750 3
50 8 3 64 2.02460750 3
51 8 3 64 2.02460750 3
52 8 3 64 2.02460750 3
53 8 3 64 2.02460750 3
54 8 3 64 2.02460750 3
40 8 3 64 2.02465500 3
41 8 3 64 2.02465500 3
42 8 3 64 2.02465500 3
43 8 3 64 2.02465500 3
44 8 3 64 2.02465500 3
45 8 3 64 2.02465500 3
46 8 3 64 2.02465500 3
47 8 3 64 2.02465500 3
48 8 3 64 2.02465500 3
49 8 3 64 2.02465500 3
50 8 3 64 2.02465500 3
51 8 3 64 2.02465500 3
52 8 3 64 2.02465500 3
53 8 3 64 2.02465500 3
54 8 3 64 2.02465500 3
40 8 3 64 2.02470250 3
41 8 3 64 2.02470250 3
42 8 3 64 2.02470250 3
43 8 3 64 2.02470250 3
44 8 3 64 2.02470250 3
45 8 3 64 2.02470250 3
46 8 3 64 2.02470250 3
47 8 3 64 2.02470250 3
48 8 3 64 2.02470250 3
49 8 3 64 2.02470250 3
50 8 3 64 2.02470250 3
51 8 3 64 2.02470250 3
52 8 3 64 2.02470250 3
53 8 3 64 2.02470250 3
54 8 3 64 2.02470250 3
40 8 3 64 2.02475000 3
41 8 3 64 2.02475000 3
42 8 3 64 2.02475000 3
43 8 3 64 2.02475000 3
44 8 3 64 2.02475000 3
45 8 3 64 2.02475000 3
46 8 3 64 2.02475000 3
47 8 3 64 2.02475000 3
48 8 3 64 2.02475000 3
49 8 3 64 2.02475000 3
50 8 3 64 2.02475000 3
51 8 3 64 2.02475000 3
52 8 3 64 2.02475000 3
53 8 3 64 2.02475000 3
54 8 3 64 2.02475000 3
40 8 3 64 2.02479750 3
41 8 3 64 2.02479750 3
42 8 3 64 2.02479750 3
43 8 3 64 2.02479750 3
44 8 3 64 2.02479750 3
45 8 3 64 2.02479750 3
46 8 3 64 2.02479750 3
47 8 3 64 2.02479750 3
48 8 3 64 2.02479750 3
49 8 3 64 2.02479750 3
50 8 3 64 2.02479750 3
51 8 3 64 2.02479750 3
52 8 3 64 2.02479750 3
53 8 3 64 2.02479750 3
54 8 3 64 2.02479750 3
40 8 3 64 2.02484500 3
41 8 3 64 2.02484500 3
42 8 3 64 2.02484500 3
43 8 3 64 2.02484500 3
44 8 3 64 2.02484500 3
45 8 3 64 2.02484500 3
46 8 3 64 2.02484500 3
47 8 3 64 2.02484500 3
48 8 3 64 2.02484500 3
49 8 3 64 2.02484500 3
50 8 3 64 2.02484500 3
51 8 3 64 2.02484500 3
52 8 3 64 2.02484500 3
53 8 3 64 2.02484500 3
54 8 3 64 2.02484500 3
40 8 3 64 2.02489250 3
41 8 3 64 2.02489250 3
42 8 3 64 2.02489250 3
43 8 3 64 2.02489250 3
44 8 3 64 2.02489250 3
45 8 3 64 2.02489250 3
46 8 3 64 2.02489250 3
47 8 3 64 2.02489250 3
48 8 3 64 2.02489250 3
49 8 3 64 2.02489250 3
50 8 3 64 2.02489250 3
51 8 3 64 2.02489250 3
52 8 3 64 2.02489250 3
53 8 3 64 2.02489250 3
54 8 3 64 2.02489250 3
40 8 3 64 2.02494000 3
41 8 3 64 2.02494000 3
42 8 3 64 2.02494000 3
43 8 3 64 2.02494000 3
44 8 3 64 2.02494000 3
45 8 3 64 2.02494000 3
46 8 3 64 2.02494000 3
47 8 3 64 2.02494000 3
48 8 3 64 2.02494000 3
49 8 3 64 2.02494000 3
50 8 3 64 2.02494000 3
51 8 3 64 2.02494000 3
52 8 3 64 2.02494000 3
53 8 3 64 2.02494000 3
54 8 3 64 2.02494000 3
40 8 3 64 2.02498750 3
41 8 3 64 2.02498750 3
42 8 3 64 2.02498750 3
43 8 3 64 2.02498750 3
44 8 3 64 2.02498750 3
45 8 3 64 2.02498750 3
46 8 3 64 2.02498750 3
47 8 3 64 2.02498750 3
48 8 3 64 2.02498750 3
49 8 3 64 2.02498750 3
50 8 3 64 2.02498750 3
51 8 3 64 2.02498750 3
52 8 3 64 2.02498750 3
53 8 3 64 2.02498750 3
54 8 3 64 2.02498750 3
1593
