282
2 4 3 400000000 2 3
3 5 3 400000000 2 3
6 5 3 64000 2.020000 3
7 5 3 64000 2.020000 3
8 5 3 64000 2.020000 3
9 5 3 64000 2.020000 3
10 5 3 64000 2.020000 3
11 5 3 64000 2.020000 3
12 5 3 64000 2.020000 3
13 5 3 64000 2.020000 3
14 5 3 64000 2.020000 3
15 5 3 64000 2.020000 3
16 5 3 64000 2.020000 3
17 5 3 64000 2.020000 3
18 5 3 64000 2.020000 3
19 5 3 64000 2.020000 3
6 5 3 64000 2.020150 3
7 5 3 64000 2.020150 3
8 5 3 64000 2.020150 3
9 5 3 64000 2.020150 3
10 5 3 64000 2.020150 3
11 5 3 64000 2.020150 3
12 5 3 64000 2.020150 3
13 5 3 64000 2.020150 3
14 5 3 64000 2.020150 3
15 5 3 64000 2.020150 3
16 5 3 64000 2.020150 3
17 5 3 64000 2.020150 3
18 5 3 64000 2.020150 3
19 5 3 64000 2.020150 3
6 5 3 64000 2.020300 3
7 5 3 64000 2.020300 3
8 5 3 64000 2.020300 3
9 5 3 64000 2.020300 3
10 5 3 64000 2.020300 3
11 5 3 64000 2.020300 3
12 5 3 64000 2.020300 3
13 5 3 64000 2.020300 3
14 5 3 64000 2.020300 3
15 5 3 64000 2.020300 3
16 5 3 64000 2.020300 3
17 5 3 64000 2.020300 3
18 5 3 64000 2.020300 3
19 5 3 64000 2.020300 3
6 5 3 64000 2.020450 3
7 5 3 64000 2.020450 3
8 5 3 64000 2.020450 3
9 5 3 64000 2.020450 3
10 5 3 64000 2.020450 3
11 5 3 64000 2.020450 3
12 5 3 64000 2.020450 3
13 5 3 64000 2.020450 3
14 5 3 64000 2.020450 3
15 5 3 64000 2.020450 3
16 5 3 64000 2.020450 3
17 5 3 64000 2.020450 3
18 5 3 64000 2.020450 3
19 5 3 64000 2.020450 3
6 5 3 64000 2.020600 3
7 5 3 64000 2.020600 3
8 5 3 64000 2.020600 3
9 5 3 64000 2.020600 3
10 5 3 64000 2.020600 3
11 5 3 64000 2.020600 3
12 5 3 64000 2.020600 3
13 5 3 64000 2.020600 3
14 5 3 64000 2.020600 3
15 5 3 64000 2.020600 3
16 5 3 64000 2.020600 3
17 5 3 64000 2.020600 3
18 5 3 64000 2.020600 3
19 5 3 64000 2.020600 3
6 5 3 64000 2.020750 3
7 5 3 64000 2.020750 3
8 5 3 64000 2.020750 3
9 5 3 64000 2.020750 3
10 5 3 64000 2.020750 3
11 5 3 64000 2.020750 3
12 5 3 64000 2.020750 3
13 5 3 64000 2.020750 3
14 5 3 64000 2.020750 3
15 5 3 64000 2.020750 3
16 5 3 64000 2.020750 3
17 5 3 64000 2.020750 3
18 5 3 64000 2.020750 3
19 5 3 64000 2.020750 3
6 5 3 64000 2.020900 3
7 5 3 64000 2.020900 3
8 5 3 64000 2.020900 3
9 5 3 64000 2.020900 3
10 5 3 64000 2.020900 3
11 5 3 64000 2.020900 3
12 5 3 64000 2.020900 3
13 5 3 64000 2.020900 3
14 5 3 64000 2.020900 3
15 5 3 64000 2.020900 3
16 5 3 64000 2.020900 3
17 5 3 64000 2.020900 3
18 5 3 64000 2.020900 3
19 5 3 64000 2.020900 3
6 5 3 64000 2.021050 3
7 5 3 64000 2.021050 3
8 5 3 64000 2.021050 3
9 5 3 64000 2.021050 3
10 5 3 64000 2.021050 3
11 5 3 64000 2.021050 3
12 5 3 64000 2.021050 3
13 5 3 64000 2.021050 3
14 5 3 64000 2.021050 3
15 5 3 64000 2.021050 3
16 5 3 64000 2.021050 3
17 5 3 64000 2.021050 3
18 5 3 64000 2.021050 3
19 5 3 64000 2.021050 3
6 5 3 64000 2.021200 3
7 5 3 64000 2.021200 3
8 5 3 64000 2.021200 3
9 5 3 64000 2.021200 3
10 5 3 64000 2.021200 3
11 5 3 64000 2.021200 3
12 5 3 64000 2.021200 3
13 5 3 64000 2.021200 3
14 5 3 64000 2.021200 3
15 5 3 64000 2.021200 3
16 5 3 64000 2.021200 3
17 5 3 64000 2.021200 3
18 5 3 64000 2.021200 3
19 5 3 64000 2.021200 3
6 5 3 64000 2.021350 3
7 5 3 64000 2.021350 3
8 5 3 64000 2.021350 3
9 5 3 64000 2.021350 3
10 5 3 64000 2.021350 3
11 5 3 64000 2.021350 3
12 5 3 64000 2.021350 3
13 5 3 64000 2.021350 3
14 5 3 64000 2.021350 3
15 5 3 64000 2.021350 3
16 5 3 64000 2.021350 3
17 5 3 64000 2.021350 3
18 5 3 64000 2.021350 3
19 5 3 64000 2.021350 3
6 5 3 64000 2.021500 3
7 5 3 64000 2.021500 3
8 5 3 64000 2.021500 3
9 5 3 64000 2.021500 3
10 5 3 64000 2.021500 3
11 5 3 64000 2.021500 3
12 5 3 64000 2.021500 3
13 5 3 64000 2.021500 3
14 5 3 64000 2.021500 3
15 5 3 64000 2.021500 3
16 5 3 64000 2.021500 3
17 5 3 64000 2.021500 3
18 5 3 64000 2.021500 3
19 5 3 64000 2.021500 3
6 5 3 64000 2.021650 3
7 5 3 64000 2.021650 3
8 5 3 64000 2.021650 3
9 5 3 64000 2.021650 3
10 5 3 64000 2.021650 3
11 5 3 64000 2.021650 3
12 5 3 64000 2.021650 3
13 5 3 64000 2.021650 3
14 5 3 64000 2.021650 3
15 5 3 64000 2.021650 3
16 5 3 64000 2.021650 3
17 5 3 64000 2.021650 3
18 5 3 64000 2.021650 3
19 5 3 64000 2.021650 3
6 5 3 64000 2.021800 3
7 5 3 64000 2.021800 3
8 5 3 64000 2.021800 3
9 5 3 64000 2.021800 3
10 5 3 64000 2.021800 3
11 5 3 64000 2.021800 3
12 5 3 64000 2.021800 3
13 5 3 64000 2.021800 3
14 5 3 64000 2.021800 3
15 5 3 64000 2.021800 3
16 5 3 64000 2.021800 3
17 5 3 64000 2.021800 3
18 5 3 64000 2.021800 3
19 5 3 64000 2.021800 3
6 5 3 64000 2.021950 3
7 5 3 64000 2.021950 3
8 5 3 64000 2.021950 3
9 5 3 64000 2.021950 3
10 5 3 64000 2.021950 3
11 5 3 64000 2.021950 3
12 5 3 64000 2.021950 3
13 5 3 64000 2.021950 3
14 5 3 64000 2.021950 3
15 5 3 64000 2.021950 3
16 5 3 64000 2.021950 3
17 5 3 64000 2.021950 3
18 5 3 64000 2.021950 3
19 5 3 64000 2.021950 3
6 5 3 64000 2.022100 3
7 5 3 64000 2.022100 3
8 5 3 64000 2.022100 3
9 5 3 64000 2.022100 3
10 5 3 64000 2.022100 3
11 5 3 64000 2.022100 3
12 5 3 64000 2.022100 3
13 5 3 64000 2.022100 3
14 5 3 64000 2.022100 3
15 5 3 64000 2.022100 3
16 5 3 64000 2.022100 3
17 5 3 64000 2.022100 3
18 5 3 64000 2.022100 3
19 5 3 64000 2.022100 3
6 5 3 64000 2.022250 3
7 5 3 64000 2.022250 3
8 5 3 64000 2.022250 3
9 5 3 64000 2.022250 3
10 5 3 64000 2.022250 3
11 5 3 64000 2.022250 3
12 5 3 64000 2.022250 3
13 5 3 64000 2.022250 3
14 5 3 64000 2.022250 3
15 5 3 64000 2.022250 3
16 5 3 64000 2.022250 3
17 5 3 64000 2.022250 3
18 5 3 64000 2.022250 3
19 5 3 64000 2.022250 3
6 5 3 64000 2.022400 3
7 5 3 64000 2.022400 3
8 5 3 64000 2.022400 3
9 5 3 64000 2.022400 3
10 5 3 64000 2.022400 3
11 5 3 64000 2.022400 3
12 5 3 64000 2.022400 3
13 5 3 64000 2.022400 3
14 5 3 64000 2.022400 3
15 5 3 64000 2.022400 3
16 5 3 64000 2.022400 3
17 5 3 64000 2.022400 3
18 5 3 64000 2.022400 3
19 5 3 64000 2.022400 3
6 5 3 64000 2.022550 3
7 5 3 64000 2.022550 3
8 5 3 64000 2.022550 3
9 5 3 64000 2.022550 3
10 5 3 64000 2.022550 3
11 5 3 64000 2.022550 3
12 5 3 64000 2.022550 3
13 5 3 64000 2.022550 3
14 5 3 64000 2.022550 3
15 5 3 64000 2.022550 3
16 5 3 64000 2.022550 3
17 5 3 64000 2.022550 3
18 5 3 64000 2.022550 3
19 5 3 64000 2.022550 3
6 5 3 64000 2.022700 3
7 5 3 64000 2.022700 3
8 5 3 64000 2.022700 3
9 5 3 64000 2.022700 3
10 5 3 64000 2.022700 3
11 5 3 64000 2.022700 3
12 5 3 64000 2.022700 3
13 5 3 64000 2.022700 3
14 5 3 64000 2.022700 3
15 5 3 64000 2.022700 3
16 5 3 64000 2.022700 3
17 5 3 64000 2.022700 3
18 5 3 64000 2.022700 3
19 5 3 64000 2.022700 3
6 5 3 64000 2.022850 3
7 5 3 64000 2.022850 3
8 5 3 64000 2.022850 3
9 5 3 64000 2.022850 3
10 5 3 64000 2.022850 3
11 5 3 64000 2.022850 3
12 5 3 64000 2.022850 3
13 5 3 64000 2.022850 3
14 5 3 64000 2.022850 3
15 5 3 64000 2.022850 3
16 5 3 64000 2.022850 3
17 5 3 64000 2.022850 3
18 5 3 64000 2.022850 3
19 5 3 64000 2.022850 3
282
